No.	line	Line	pop	dam	sire	Gener	ind1	rep	ind	bloss	malefl	date	ASD	GAD	GW	GHl	GHr	UBL	UBW	GA	BA	SEL		
79	D	Down	70	70D3002	D3028	F4	4001	B	70D4001B	1	2	28.07.2016	0	3,15	6,1	2,29	2,38	17,19	17,24	14,2435	296,3556	NA		
135	D	Down	70	70D3002	D3028	F4	4001	B	70D4001B	2	1	08.08.2016	0	2,6	5,75	2,64	2,67	18,16	16,94	15,26625	307,6304	NA		
181	D	Down	70	70D3002	D3028	F4	4001	B	70D4001B	3	2	23.08.2016	0	3,12	6,06	2,3	2,18	17,65	16,36	13,5744	288,754	NA		
98	D	Down	70	70D3002	D3049	F4	4002	A	70D4002A	1	1	28.07.2016	0	2,9	6,42	2,45	2,16	18,39	17,99	14,7981	330,8361	NA		
150	D	Down	70	70D3002	D3049	F4	4002	A	70D4002A	2	1	08.08.2016	0	2,4	6,26	2,18	1,93	16,35	16,11	12,8643	263,3985	NA		
187	D	Down	70	70D3002	D3049	F4	4002	A	70D4002A	3	1	23.08.2016	0,71	2,73	6,21	2,46	2,36	17,73	16,41	14,9661	290,9493	NA		
56	D	Down	70	70D3002	D3049	F4	4002	B	70D4002B	1	1	26.07.2016	0	3,35	6,36	2,19	2,29	18,33	17,81	14,2464	326,4573	NA		
113	D	Down	70	70D3002	D3049	F4	4002	B	70D4002B	2	1	29.07.2016	0	2,88	6,48	2,52	2,41	18,36	18,58	15,9732	341,1288	NA		
152	D	Down	70	70D3002	D3049	F4	4002	B	70D4002B	3	2	08.08.2016	0	2,91	6,41	2,56	2,35	17,99	18,33	15,73655	329,7567	NA		
52	D	Down	70	70D3002	D3054	F4	4003	B	70D4003B	1	1	26.07.2016	0	3,08	5,35	1,88	1,85	16,06	14,93	9,97775	239,7758	NA		
219	D	Down	70	70D3002	D3054	F4	4003	B	70D4003B	2	1	28.08.2016	0	3,26	6,15	2,5	2,67	17,82	17,75	15,89775	316,305	NA		
220	D	Down	70	70D3002	D3054	F4	4003	B	70D4003B	3	1	28.08.2016	0	3	6,7	2,56	2,64	19,36	19,95	17,42	386,232	NA		
34	D	Down	70	70D3002	D3064	F4	4004	A	70D4004A	1	2	21.07.2016	1,21	3,02	6,44	1,9	2,09	19,4	18,89	12,8478	366,466	NA		
123	D	Down	70	70D3002	D3064	F4	4004	A	70D4004A	2	2	07.08.2016	0,2	2,84	4,86	1,9	1,77	18,32	15,39	8,9181	281,9448	NA		
163	D	Down	70	70D3002	D3064	F4	4004	A	70D4004A	3	3	10.08.2016	0,27	3,09	4,61	1,69	1,76	16,67	14,9	7,95225	248,383	NA		
9	D	Down	70	70D3002	D3064	F4	4004	B	70D4004B	1	1	16.07.2016	0	3,02	6	2,18	2,21	19,52	17,75	13,17	346,48	NA		
36	D	Down	70	70D3002	D3064	F4	4004	B	70D4004B	2	1	22.07.2016	0	2,61	6,05	2,17	2,23	18,98	17,72	13,31	336,3256	NA		
68	D	Down	70	70D3002	D3064	F4	4004	B	70D4004B	3	2	27.07.2016	0,64	3,03	5,72	2,49	2,17	17,03	16,15	13,3276	275,0345	NA		
161	D	Down	70	70D3006B	D3023	F4	4005	A	70D4005A	1	1	10.08.2016	0,45	3,45	5,22	2,18	2,24	17,5	15,34	11,5362	268,45	NA		
224	D	Down	70	70D3006B	D3023	F4	4005	A	70D4005A	2	1	29.08.2016	0,2	3,27	6,17	2,44	2,5	18,43	17,64	15,2399	325,1052	NA		
231	D	Down	70	70D3006B	D3023	F4	4005	A	70D4005A	3	3	30.08.2016	0	3,71	6,33	2,54	2,3	19,91	19,99	15,3186	398,0009	NA		
78	D	Down	70	70D3006B	D3048	F4	4006	B	70D4006B	1	1	28.07.2016	0	2,78	5,05	1,73	2,08	19,02	18,77	9,62025	357,0054	NA		
131	D	Down	70	70D3006B	D3048	F4	4006	B	70D4006B	2	2	08.08.2016	1,92	2,55	5,14	2,12	1,78	19,73	17,77	10,023	350,6021	NA		
192	D	Down	70	70D3006B	D3048	F4	4006	B	70D4006B	3	2	08.08.2016	1,15	2,39	5,68	2,16	2,04	18,21	17,93	11,928	326,5053	NA		
43	D	Down	70	70D3006B	D3058	F4	4007	A	70D4007A	1	1	25.07.2016	0	2,71	5,58	2,32	2,37	19,64	18,79	13,0851	369,0356	NA		
129	D	Down	70	70D3006B	D3058	F4	4007	A	70D4007A	2	1	08.08.2016	0	1,79	4,96	2,07	2,11	17,71	15,71	10,3664	278,2241	NA		
130	D	Down	70	70D3006B	D3058	F4	4007	A	70D4007A	3	3	08.08.2016	0	3,16	5,44	2,09	2,16	18,12	16,91	11,56	306,4092	NA		
132	D	Down	70	70D3006B	D3060	F4	4008	B	70D4008B	1	1	08.08.2016	1,27	2,19	6,06	1,95	2,01	19,89	17,69	11,9988	351,8541	NA		
133	D	Down	70	70D3006B	D3060	F4	4008	B	70D4008B	2	2	08.08.2016	0,2	2,39	6,4	2,25	2,22	21,04	19,75	14,304	415,54	NA		
208	D	Down	70	70D3006B	D3060	F4	4008	B	70D4008B	3	2	28.08.2016	0,65	2,55	5,73	2,12	1,85	19	17,44	11,37405	331,36	NA		
18	D	Down	70	70D3009	D3036	F4	4009	A	70D4009A	1	1	19.07.2016	2,11	2,35	6,36	2,15	1,84	20,05	20,78	12,6882	416,639	NA		
32	D	Down	70	70D3009	D3036	F4	4009	A	70D4009A	2	2	21.07.2016	1,77	3,03	6,29	2,11	2,32	21,29	22,34	13,93235	475,6186	NA		
108	D	Down	70	70D3009	D3036	F4	4009	A	70D4009A	3	1	29.07.2016	0,85	2,94	6,3	2,33	2,59	18,75	20,39	15,498	382,3125	NA		
3	D	Down	70	70D3009	D3037	F4	4010	A	70D4010A	1	1	15.07.2016	0	2,29	5,66	1,76	2,1	17,46	16,49	10,9238	287,9154	NA		
177	D	Down	70	70D3009	D3037	F4	4010	A	70D4010A	2	1	23.08.2016	0	2,81	5,45	2,01	2,21	17,78	16,23	11,4995	288,5694	NA		
178	D	Down	70	70D3009	D3037	F4	4010	A	70D4010A	3	1	23.08.2016	0	3,15	5,71	2,41	2,32	19,07	18,18	13,50415	346,6926	NA		
16	D	Down	70	70D3009	D3060	F4	4011	B	70D4011B	1	3	18.07.2016	0	3,18	6,68	2,4	2,67	20,75	20,51	16,9338	425,5825	NA		
95	D	Down	70	70D3009	D3060	F4	4011	B	70D4011B	2	2	28.07.2016	0	3,28	7,17	2,18	2,47	19,69	20,46	16,67025	402,8574	NA		
164	D	Down	70	70D3009	D3060	F4	4011	B	70D4011B	3	1	10.08.2016	0	2,91	6,49	2,6	2,6	18,93	19,01	16,874	359,8593	NA		
14	D	Down	70	70D3009	D3064	F4	4012	B	70D4012B	1	2	18.07.2016	0,95	1,81	6,2	2,58	2,4	19,09	19,27	15,438	367,8643	NA		
61	D	Down	70	70D3009	D3064	F4	4012	B	70D4012B	2	2	27.07.2016	0	2,75	5,48	2,16	2,41	17,77	17,48	12,5218	310,6196	NA		
119	D	Down	70	70D3009	D3064	F4	4012	B	70D4012B	3	1	05.08.2016	0,67	2,34	5,28	1,96	2,18	16,24	14,69	10,9296	238,5656	NA		
111	D	Down	70	70D3010	D3002	F4	4013	B	70D4013B	1	2	29.07.2016	0	2,5	6,79	2,29	2,46	19,11	19,69	16,12625	376,2759	NA		
213	D	Down	70	70D3010	D3002	F4	4013	B	70D4013B	2	1	28.08.2016	0	2,34	6,16	2,31	2,32	19,38	19,56	14,2604	379,0728	NA		
214	D	Down	70	70D3010	D3002	F4	4013	B	70D4013B	3	2	28.08.2016	2,01	2,61	5,52	1,77	1,94	19,93	18,3	10,2396	364,719	NA		
63	D	Down	70	70D3010	D3006B	F4	4014	A	70D4014A	1	2	27.07.2016	1,59	3,05	5,55	2,47	1,9	20,65	19,91	12,12675	411,1415	NA		
118	D	Down	70	70D3010	D3006B	F4	4014	A	70D4014A	2	1	05.08.2016	0,96	2,73	6,35	2	2,32	22,17	21,01	13,716	465,7917	NA		
154	D	Down	70	70D3010	D3006B	F4	4014	A	70D4014A	3	1	09.08.2016	0,66	2,64	5,32	2,14	1,98	18,8	16,89	10,9592	317,532	NA		
49	D	Down	70	70D3010	D3006B	F4	4014	B	70D4014B	1	1	26.07.2016	0,2	2,52	6,88	2,85	2,67	22,47	23,75	18,9888	533,6625	NA		
106	D	Down	70	70D3010	D3006B	F4	4014	B	70D4014B	2	1	29.07.2016	0	3,32	6,19	2,17	2,27	21,14	18,74	13,7418	396,1636	NA		
128	D	Down	70	70D3010	D3006B	F4	4014	B	70D4014B	3	1	07.08.2016	0	3,05	6,4	2,66	2,47	21,39	20,59	16,416	440,4201	NA		
5	D	Down	70	70D3010	D3029	F4	4015	A	70D4015A	1	1	15.07.2016	0,85	2,88	6,48	2,27	2,52	22,44	20,79	15,5196	466,5276	NA		
28	D	Down	70	70D3010	D3029	F4	4015	A	70D4015A	2	1	21.07.2016	1,08	2,66	5,99	2,32	2,38	21,4	21,32	14,0765	456,248	NA		
10	D	Down	70	70D3010	D3029	F4	4015	A	70D4015A	3	2	16.07.2016	2,54	2,96	6,16	2,14	2,06	23,71	21,14	12,936	501,2294	NA		
1	D	Down	70	70D3010	D3029	F4	4015	B	70D4015B	1	1	15.07.2016	1,61	2,07	5,98	2,55	2,44	20,27	21,03	14,9201	426,2781	NA		
35	D	Down	70	70D3010	D3029	F4	4015	B	70D4015B	2	1	22.07.2016	0,84	2,45	6,37	2,52	2,57	20,73	21,2	16,21165	439,476	NA		
62	D	Down	70	70D3010	D3029	F4	4015	B	70D4015B	3	1	27.07.2016	0	2,77	6,73	2,27	2,42	21,87	22,91	15,78185	501,0417	NA		
54	D	Down	70	70D3010	D3053	F4	4016	A	70D4016A	1	1	26.07.2016	0,37	2,56	5,38	2,08	1,98	15,24	14,37	10,9214	218,9988	NA		
55	D	Down	70	70D3010	D3053	F4	4016	A	70D4016A	2	1	26.07.2016	0	2,15	5,08	1,6	1,44	15,08	14,08	7,7216	212,3264	NA		
69	D	Down	70	70D3010	D3053	F4	4016	A	70D4016A	3	1	27.07.2016	0,76	2,44	5,73	2,09	2,05	15,65	15,32	11,8611	239,758	NA		
174	D	Down	70	70D3023	D3009	F4	4017	A	70D4017A	1	1	23.08.2016	0	2,62	5,49	2,14	2,39	17,42	16,62	12,43485	289,5204	NA		
175	D	Down	70	70D3023	D3009	F4	4017	A	70D4017A	2	1	23.08.2016	0	2,81	6,59	2,98	2,86	20	20,62	19,2428	412,4	NA		
210	D	Down	70	70D3023	D3009	F4	4017	A	70D4017A	3	2	28.08.2016	0	3,16	5,06	2,09	2,01	15,94	16,39	10,373	261,2566	NA		
4	D	Down	70	70D3023	D3037	F4	4018	A	70D4018A	1	1	15.07.2016	0	3,62	4,33	1,83	1,68	16,71	16,75	7,59915	279,8925	NA		
19	D	Down	70	70D3023	D3037	F4	4018	A	70D4018A	2	1	19.07.2016	2,02	3,4	5,03	1,82	1,65	20,52	20,86	8,72705	428,0472	NA		
134	D	Down	70	70D3023	D3037	F4	4018	A	70D4018A	3	1	08.08.2016	0	2,95	5,8	2,12	2,45	17,92	17,92	13,253	321,1264	NA		
51	D	Down	70	70D3023	D3037	F4	4018	B	70D4018B	1	2	26.07.2016	0,78	2,53	4,7	2,01	1,77	16,35	15,92	8,883	260,292	NA		
205	D	Down	70	70D3023	D3037	F4	4018	B	70D4018B	2	3	24.08.2016	0	3,29	6,33	2,5	2,26	19,31	17,01	15,0654	328,4631	NA		
240	D	Down	70	70D3023	D3037	F4	4018	B	70D4018B	3	1	07.09.2016	1,44	2,62	4,74	1,54	1,55	15,96	14,32	7,3233	228,5472	NA		
172	D	Down	70	70D3023	D3048	F4	4019	A	70D4019A	1	1	23.08.2016	0	2,1	5,79	2,5	2,44	17,84	16,19	14,3013	288,8296	NA		
199	D	Down	70	70D3023	D3048	F4	4019	A	70D4019A	2	1	24.08.2016	0	2,95	6,35	2,51	2,7	18,78	15,99	16,54175	300,2922	NA		
200	D	Down	70	70D3023	D3048	F4	4019	A	70D4019A	3	1	24.08.2016	0	2,93	5,65	2,34	2,31	17,91	15,96	13,13625	285,8436	NA		
12	D	Down	70	70D3023	D3049	F4	4020	A	70D4020A	1	2	16.07.2016	0	2,97	6,51	2,11	2,38	18,28	19,52	14,61495	356,8256	NA		
24	D	Down	70	70D3023	D3049	F4	4020	A	70D4020A	2	1	21.07.2016	0	2,4	5,85	2,13	2,11	19,52	17,67	12,402	344,9184	NA		
91	D	Down	70	70D3023	D3049	F4	4020	A	70D4020A	3	1	28.07.2016	0,66	2,89	5,95	2,3	2,33	17,78	19,13	13,77425	340,1314	NA		
44	D	Down	70	70D3028	D3006B	F4	4021	A	70D4021A	1	1	25.07.2016	0	2,65	5,19	1,98	2,03	16,69	16,35	10,40595	272,8815	NA		
201	D	Down	70	70D3028	D3006B	F4	4021	A	70D4021A	2	1	24.08.2016	0	2,8	5,13	1,98	2,01	17,08	17,36	10,23435	296,5088	NA		
202	D	Down	70	70D3028	D3006B	F4	4021	A	70D4021A	3	1	24.08.2016	0	3,18	5,22	2,13	1,76	17,28	16,3	10,1529	281,664	NA		
76	D	Down	70	70D3028	D3023	F4	4022	A	70D4022A	1	1	28.07.2016	0	3,29	5,59	2,23	2,09	18,54	17,69	12,0744	327,9726	NA		
77	D	Down	70	70D3028	D3023	F4	4022	A	70D4022A	2	1	28.07.2016	0	3,15	6,39	2,11	2,44	18,94	17,8	14,53725	337,132	NA		
173	D	Down	70	70D3028	D3023	F4	4022	A	70D4022A	3	2	23.08.2016	0,74	2,47	5,45	2,16	2,15	19	15,13	11,74475	287,47	NA		
114	D	Down	70	70D3028	D3023	F4	4022	B	70D4022B	1	2	29.07.2016	0	3,12	6,28	2,37	2,56	20,88	19,57	15,4802	408,6216	NA		
153	D	Down	70	70D3028	D3023	F4	4022	B	70D4022B	2	1	08.08.2016	0	2,9	5,56	2,13	2,29	20,24	17,06	12,2876	345,2944	NA		
218	D	Down	70	70D3028	D3023	F4	4022	B	70D4022B	3	1	28.08.2016	0	3,26	5,44	2,09	1,89	17,84	14,65	10,8256	261,356	NA		
58	D	Down	70	70D3028	D3048	F4	4023	B	70D4023B	1	1	26.07.2016	0	2,78	6	2,2	2,37	18,71	17,04	13,71	318,8184	NA		
229	D	Down	70	70D3028	D3048	F4	4023	B	70D4023B	2	1	29.08.2016	0	2,49	5,36	1,94	2,12	16,88	15,24	10,8808	257,2512	NA		
233	D	Down	70	70D3028	D3048	F4	4023	B	70D4023B	3	1	31.08.2016	0,4	2,52	5,22	1,86	2,12	17,24	15,03	10,3878	259,1172	NA		
47	D	Down	70	70D3028	D3060	F4	4024	A	70D4024A	1	2	25.07.2016	0	2,64	5,32	1,64	2,04	16,91	15,26	9,7888	258,0466	NA		
141	D	Down	70	70D3028	D3060	F4	4024	A	70D4024A	2	1	08.08.2016	0	2,5	5,8	2,17	2,13	16,84	17,32	12,47	291,6688	NA		
182	D	Down	70	70D3028	D3060	F4	4024	A	70D4024A	3	1	23.08.2016	0,71	2,42	5,4	1,88	2,02	17,95	16,5	10,53	296,175	NA		
41	D	Down	70	70D3029	D3023	F4	4025	B	70D4025B	1	1	25.07.2016	0	2,97	5,31	1,74	2,01	20,58	18,29	9,95625	376,4082	NA		
71	D	Down	70	70D3029	D3023	F4	4025	B	70D4025B	2	1	27.07.2016	0,1	3,03	5,77	1,92	2,14	17,6	17,2	11,7131	302,72	NA		
158	D	Down	70	70D3029	D3023	F4	4025	B	70D4025B	3	1	09.08.2016	0	3,02	6,27	2,32	2,33	20,98	19,8	14,57775	415,404	NA		
2	D	Down	70	70D3029	D3028	F4	4026	A	70D4026A	1	1	15.07.2016	1,2	3,02	4,43	1,3	1,65	15,71	14,84	6,53425	233,1364	NA		
17	D	Down	70	70D3029	D3028	F4	4026	A	70D4026A	2	1	19.07.2016	0	2,5	5,47	1,76	1,72	17,51	17,24	9,5178	301,8724	NA		
33	D	Down	70	70D3029	D3028	F4	4026	A	70D4026A	3	1	21.07.2016	0,84	2,45	5,15	1,75	1,82	17,71	16,27	9,19275	288,1417	NA		
13	D	Down	70	70D3029	D3053	F4	4027	A	70D4027A	1	1	16.07.2016	0	2,6	5,75	2,05	2,36	18,93	19,54	12,67875	369,8922	NA		
31	D	Down	70	70D3029	D3053	F4	4027	A	70D4027A	2	1	21.07.2016	0	2,87	5,88	2,18	2,13	17,69	19,03	12,6714	336,6407	NA		
84	D	Down	70	70D3029	D3053	F4	4027	A	70D4027A	3	1	28.07.2016	0	2,9	6,65	2,28	2,25	19,02	20,3	15,06225	386,106	NA		
99	D	Down	70	70D3029	D3053	F4	4027	B	70D4027B	1	1	28.07.2016	0	3,82	5,86	2,24	2,45	19,86	19,47	13,7417	386,6742	NA		
100	D	Down	70	70D3029	D3053	F4	4027	B	70D4027B	2	1	28.07.2016	0	3,5	4,95	2,04	1,83	19,39	17,31	9,57825	335,6409	NA		
190	D	Down	70	70D3029	D3053	F4	4027	B	70D4027B	3	1	23.08.2016	0,66	3,43	6,03	2,68	2,48	20,26	18,24	15,5574	369,5424	NA		
137	D	Down	70	70D3029	D3058	F4	4028	A	70D4028A	1	1	08.08.2016	0	2,73	5,42	2,16	2,52	18,52	17,29	12,6828	320,2108	NA		
171	D	Down	70	70D3029	D3058	F4	4028	A	70D4028A	2	1	11.08.2016	0	3,04	5,66	2,62	2,5	18,2	18,64	14,4896	339,248	NA		
185	D	Down	70	70D3029	D3058	F4	4028	A	70D4028A	3	1	23.08.2016	0	2,89	5,86	2,36	2,42	18,16	16,15	14,0054	293,284	NA		
82	D	Down	70	70D3036	D3006B	F4	4029	A	70D4029A	1	1	28.07.2016	0,58	2,99	4,81	1,79	1,79	17,15	16,96	8,6099	290,864	NA		
136	D	Down	70	70D3036	D3006B	F4	4029	A	70D4029A	2	2	08.08.2016	1,08	2,79	4,95	1,7	2,07	16,84	15	9,33075	252,6	NA		
176	D	Down	70	70D3036	D3006B	F4	4029	A	70D4029A	3	2	23.08.2016	0,45	2,76	5,67	2,39	2,16	18,53	18	12,89925	333,54	NA		
83	D	Down	70	70D3036	D3028	F4	4030	A	70D4030A	1	1	28.07.2016	0	2,92	5,98	2,03	2,22	19,28	18,45	12,7075	355,716	NA		
179	D	Down	70	70D3036	D3028	F4	4030	A	70D4030A	2	3	23.08.2016	0	2,35	6,06	2,32	2,46	20,13	18,45	14,4834	371,3985	NA		
180	D	Down	70	70D3036	D3028	F4	4030	A	70D4030A	3	1	23.08.2016	0,88	2,78	5,72	2,38	2,12	18,63	16,25	12,87	302,7375	NA		
46	D	Down	70	70D3036	D3054	F4	4031	A	70D4031A	1	1	25.07.2016	0	2,66	5,18	1,89	2,07	17,8	17,69	10,2564	314,882	NA		
198	D	Down	70	70D3036	D3054	F4	4031	A	70D4031A	2	1	24.08.2016	0	2,85	5,37	2,21	2,17	18,75	17,09	11,7603	320,4375	NA		
209	D	Down	70	70D3036	D3054	F4	4031	A	70D4031A	3	2	28.08.2016	0	2,83	6,32	2,48	2,18	19,68	20,41	14,7256	401,6688	NA		
6	D	Down	70	70D3036	D3064	F4	4032	B	70D4032B	1	1	15.07.2016	1,18	2,86	5,47	1,92	2,3	21,14	17,53	11,5417	370,5842	NA		
11	D	Down	70	70D3036	D3064	F4	4032	B	70D4032B	2	2	16.07.2016	1,97	3,26	5,9	1,94	2,13	23,29	20,49	12,0065	477,2121	NA		
29	D	Down	70	70D3036	D3064	F4	4032	B	70D4032B	3	2	21.07.2016	0	2,97	5,95	2,07	2,25	21,91	20,01	12,852	438,4191	NA		
97	D	Down	70	70D3037	D3010	F4	4033	A	70D4033A	1	2	28.07.2016	0,75	3,24	6,19	2,3	2,17	21,22	21,46	13,83465	455,3812	NA		
116	D	Down	70	70D3037	D3010	F4	4033	A	70D4033A	2	1	29.07.2016	0,35	3,54	5,85	2,44	2,57	22,67	22,44	14,65425	508,7148	NA		
151	D	Down	70	70D3037	D3010	F4	4033	A	70D4033A	3	1	08.08.2016	1,02	3,13	5,98	2,55	2,67	22,34	21,83	15,6078	487,6822	NA		
45	D	Down	70	70D3037	D3028	F4	4034	A	70D4034A	1	2	25.07.2016	0	3,09	6,16	2,55	2,5	22,77	20,67	15,554	470,6559	NA		
81	D	Down	70	70D3037	D3028	F4	4034	A	70D4034A	2	1	28.07.2016	0	3,06	5,2	1,79	1,82	18,01	15,29	9,386	275,3729	NA		
169	D	Down	70	70D3037	D3028	F4	4034	A	70D4034A	3	1	11.08.2016	0	2,96	6,57	2,21	2,28	20,54	17	14,74965	349,18	NA		
74	D	Down	70	70D3037	D3036	F4	4035	C	70D4035C	1	1	28.07.2016	0	3,11	5,95	2,46	2,22	21,19	19,05	13,923	403,6695	NA		
122	D	Down	70	70D3037	D3036	F4	4035	C	70D4035C	2	1	07.08.2016	0	2,34	5,62	1,91	1,88	21,36	19,94	10,6499	425,9184	NA		
157	D	Down	70	70D3037	D3036	F4	4035	C	70D4035C	3	2	09.08.2016	0,35	3,14	6,03	2,27	2,32	20,9	19,41	13,83885	405,669	NA		
188	D	Down	70	70D3037	D3064	F4	4036	B	70D4036B	1	1	23.08.2016	0	2,71	6,28	2,46	2,28	21,85	20,83	14,8836	455,1355	NA		
197	D	Down	70	70D3037	D3064	F4	4036	B	70D4036B	2	2	24.08.2016	0,1	3,15	6,13	2	1,98	21,16	18,97	12,1987	401,4052	NA		
226	D	Down	70	70D3037	D3064	F4	4036	B	70D4036B	3	1	29.08.2016	0,72	2,32	5,89	2,12	2,17	19,83	18,33	12,63405	363,4839	NA		
21	D	Down	70	70D3048	D3009	F4	4037	A	70D4037A	1	2	20.07.2016	1,5	2,39	5,94	2,08	2,17	17,52	17,19	12,6225	301,1688	NA		
155	D	Down	70	70D3048	D3009	F4	4037	A	70D4037A	2	2	09.08.2016	0	2,81	7,09	2,46	2,74	18,7	17,08	18,434	319,396	NA		
160	D	Down	70	70D3048	D3009	F4	4037	A	70D4037A	3	3	10.08.2016	1,85	2,56	6,57	2,48	2,48	19,63	17,81	16,2936	349,6103	NA		
65	D	Down	70	70D3048	D3029	F4	4038	B	70D4038B	1	1	27.07.2016	0	2,6	6,11	2,23	2,23	19,5	18,08	13,6253	352,56	NA		
92	D	Down	70	70D3048	D3029	F4	4038	B	70D4038B	2	1	28.07.2016	0	2,84	6,22	2,46	2,52	18,87	17,85	15,4878	336,8295	NA		
50	D	Down	70	70D3048	D3029	F4	4038	B	70D4038B	3	2	26.07.2016	1,09	2,81	5,09	1,93	2,11	19,53	16,52	10,2818	322,6356	NA		
48	D	Down	70	70D3048	D3037	F4	4039	A	70D4039A	1	1	25.07.2016	0	2,36	5,49	1,84	2,17	20,35	16,28	11,00745	331,298	NA		
228	D	Down	70	70D3048	D3037	F4	4039	A	70D4039A	2	1	29.08.2016	0	3,16	5,99	2,05	2,05	21,53	18,47	12,2795	397,6591	NA		
235	D	Down	70	70D3048	D3037	F4	4039	A	70D4039A	3	1	02.09.2016	0	2,36	6,68	2,4	2,46	21,96	21,84	16,2324	479,6064	NA		
138	D	Down	70	70D3048	D3037	F4	4039	B	70D4039B	1	1	08.08.2016	0	2,84	5,61	2,3	2,5	20,24	16,65	13,464	336,996	NA		
227	D	Down	70	70D3048	D3037	F4	4039	B	70D4039B	2	2	29.08.2016	0,1	2,64	6,26	2,13	2,05	20,97	18,74	13,0834	392,9778	NA		
236	D	Down	70	70D3048	D3037	F4	4039	B	70D4039B	3	1	02.09.2016	1,41	2,82	5,17	1,46	1,93	18,26	16,94	8,76315	309,3244	NA		
148	D	Down	70	70D3048	D3054	F4	4040	A	70D4040A	1	1	08.08.2016	0	2,84	5,76	2,07	2,21	17,87	17,97	12,3264	321,1239	NA		
149	D	Down	70	70D3048	D3054	F4	4040	A	70D4040A	2	2	08.08.2016	0	2,98	5,96	2,14	2,28	19,89	18,93	13,1716	376,5177	NA		
189	D	Down	70	70D3048	D3054	F4	4040	A	70D4040A	3	1	23.08.2016	0	2,82	6,24	2,69	2,59	19,12	19,29	16,4736	368,8248	NA		
115	D	Down	70	70D3049	D3006B	F4	4041	A	70D4041A	1	1	29.07.2016	0	2,6	5,89	2,22	2,28	17,15	17,22	13,2525	295,323	NA		
167	D	Down	70	70D3049	D3006B	F4	4041	A	70D4041A	2	1	23.08.2016	1,1	3,27	6,15	2,13	2,58	18,45	18,51	14,48325	341,5095	NA		
170	D	Down	70	70D3049	D3006B	F4	4041	A	70D4041A	3	1	23.08.2016	0	3,14	6,17	2,43	2,37	16,96	16,29	14,808	276,2784	NA		
53	D	Down	70	70D3049	D3006B	F4	4041	B	70D4041B	1	2	26.07.2016	0,74	2,65	6,2	2,06	2,56	17,45	18,42	14,322	321,429	NA		
67	D	Down	70	70D3049	D3006B	F4	4041	B	70D4041B	2	1	27.07.2016	NA	2,87	6,48	2,06	2,33	17,19	16,71	14,2236	287,2449	NA		
107	D	Down	70	70D3049	D3006B	F4	4041	B	70D4041B	3	3	29.07.2016	0	3,1	6,49	1,95	2,28	17,63	17,33	13,72635	305,5279	NA		
27	D	Down	70	70D3049	D3029	F4	4042	A	70D4042A	1	1	21.07.2016	0	3,98	5,5	1,96	1,82	18,28	18,93	10,395	346,0404	NA		
165	D	Down	70	70D3049	D3029	F4	4042	A	70D4042A	2	1	10.08.2016	NA	4	8,61	2,81	2,77	25,8	23,13	24,0219	596,754	NA		
230	D	Down	70	70D3049	D3029	F4	4042	A	70D4042A	3	1	29.08.2016	NA	3,59	7,55	2,71	3,07	25,01	23,01	21,8195	575,4801	NA		
66	D	Down	70	70D3049	D3029	F4	4042	B	70D4042B	1	2	27.07.2016	2,42	3,43	6,62	2,59	2,16	22,42	21,57	15,7225	483,5994	NA		
221	D	Down	70	70D3049	D3029	F4	4042	B	70D4042B	2	1	28.08.2016	1,19	2,52	5,82	2,19	2,19	18,89	18,69	12,7458	353,0541	NA		
222	D	Down	70	70D3049	D3029	F4	4042	B	70D4042B	3	2	28.08.2016	2,66	3,01	6,05	2,18	2,22	21,68	21,74	13,31	471,3232	NA		
64	D	Down	70	70D3049	D3036	F4	4043	A	70D4043A	1	1	27.07.2016	1,5	2,54	6,45	2,4	2,47	20,21	20,71	15,70575	418,5491	NA		
159	D	Down	70	70D3049	D3036	F4	4043	A	70D4043A	2	2	10.08.2016	1,01	2,74	5,89	2,19	2,17	21,78	19,55	12,8402	425,799	NA		
194	D	Down	70	70D3049	D3036	F4	4043	A	70D4043A	3	3	24.08.2016	0	3,08	6,42	2,61	2,5	20,62	20,84	16,4031	429,7208	NA		
20	D	Down	70	70D3049	D3058	F4	4044	A	70D4044A	1	1	19.07.2016	2,08	3,31	5,81	2,17	2,42	18,34	17,48	13,33395	320,5832	NA		
147	D	Down	70	70D3049	D3058	F4	4044	A	70D4044A	2	1	08.08.2016	0	2,54	5,72	2,07	2,33	18,43	18,37	12,584	338,5591	NA		
186	D	Down	70	70D3049	D3058	F4	4044	A	70D4044A	3	1	23.08.2016	0	2,61	5,15	1,93	2,15	18,22	15,05	10,506	274,211	NA		
88	D	Down	70	70D3053	D3002	F4	4045	A	70D4045A	1	1	28.07.2016	0	2,33	5,49	2,06	2,12	15,69	14,52	11,4741	227,8188	NA		
146	D	Down	70	70D3053	D3002	F4	4045	A	70D4045A	2	2	08.08.2016	0	2,32	5,59	2,06	2,29	16,44	15,23	12,15825	250,3812	NA		
225	D	Down	70	70D3053	D3002	F4	4045	A	70D4045A	3	1	29.08.2016	0	2,31	5,42	1,93	2,18	14,77	13,95	11,1381	206,0415	NA		
8	D	Down	70	70D3053	D3002	F4	4045	B	70D4045B	1	1	16.07.2016	0	2,76	5,5	2,25	2,43	16,58	15,08	12,87	250,0264	NA		
26	D	Down	70	70D3053	D3002	F4	4045	B	70D4045B	2	1	21.07.2016	0	2,06	4,25	1,85	1,99	15,37	13,68	8,16	210,2616	NA		
112	D	Down	70	70D3053	D3002	F4	4045	B	70D4045B	3	1	29.07.2016	0	2,24	5,27	2,05	2,13	14,25	12,82	11,0143	182,685	NA		
25	D	Down	70	70D3053	D3009	F4	4046	A	70D4046A	1	1	21.07.2016	0	2,06	5,33	2,51	2,41	15,52	15,73	13,1118	244,1296	NA		
57	D	Down	70	70D3053	D3009	F4	4046	A	70D4046A	2	1	26.07.2016	0	2,24	5,08	2,1	2,04	14,04	12,65	10,5156	177,606	NA		
70	D	Down	70	70D3053	D3009	F4	4046	A	70D4046A	3	3	27.07.2016	0,34	2,81	5,29	2,14	1,98	14,3	13,45	10,8974	192,335	NA		
37	D	Down	70	70D3053	D3009	F4	4046	B	70D4046B	1	1	22.07.2016	0	2,77	6,71	2,67	2,67	15,92	16,16	17,9157	257,2672	NA		
93	D	Down	70	70D3053	D3009	F4	4046	B	70D4046B	2	1	28.07.2016	0	3,18	6,88	2,21	2,23	15,84	14,93	15,2736	236,4912	NA		
94	D	Down	70	70D3053	D3009	F4	4046	B	70D4046B	3	1	28.07.2016	0,63	2,8	6,47	2,67	2,53	15,72	14,83	16,822	233,1276	NA		
96	D	Down	70	70D3053	D3036	F4	4047	A	70D4047A	1	1	28.07.2016	0,3	1,62	5,93	2,1	2,69	16,48	15,29	14,20235	251,9792	NA		
191	D	Down	70	70D3053	D3036	F4	4047	A	70D4047A	2	1	23.08.2016	NA	2,62	4,99	2,27	2,3	16,87	15,02	11,40215	253,3874	NA		
195	D	Down	70	70D3053	D3036	F4	4047	A	70D4047A	3	1	24.08.2016	0	2,19	5,73	2,08	2,27	15,85	15,08	12,46275	239,018	NA		
7	D	Down	70	70D3053	D3036	F4	4047	B	70D4047B	1	1	15.07.2016	0	2,55	6,6	2,49	2,58	18,92	18,36	16,731	347,3712	NA		
15	D	Down	70	70D3053	D3036	F4	4047	B	70D4047B	2	2	18.07.2016	0,7	2,74	6,18	2,37	2,55	19,9	18,88	15,2028	375,712	NA		
22	D	Down	70	70D3053	D3036	F4	4047	B	70D4047B	3	2	21.07.2016	0	2,74	5,6	2,18	2,57	18,78	18,17	13,3	341,2326	NA		
85	D	Down	70	70D3053	D3060	F4	4048	B	70D4048B	1	1	28.07.2016	0	2,78	5,22	1,81	1,99	13,89	13,86	9,918	192,5154	NA		
139	D	Down	70	70D3053	D3060	F4	4048	B	70D4048B	2	2	08.08.2016	0	2,51	5,34	1,92	2,07	14,56	13,43	10,6533	195,5408	NA		
140	D	Down	70	70D3053	D3060	F4	4048	B	70D4048B	3	3	08.08.2016	0	2,41	5,18	2,08	2,28	15,02	15,12	11,2924	227,1024	NA		
120	D	Down	70	70D3054	D3009	F4	4049	A	70D4049A	1	1	05.08.2016	0	2,64	5,41	2,34	2,45	17,73	17,19	12,95695	304,7787	NA		
121	D	Down	70	70D3054	D3009	F4	4049	A	70D4049A	2	1	05.08.2016	0	2,77	6,08	2,72	2,35	18,95	18,5	15,4128	350,575	NA		
156	D	Down	70	70D3054	D3009	F4	4049	A	70D4049A	3	1	09.08.2016	0,84	2,68	5,48	2,21	2,15	16,28	15,12	11,9464	246,1536	NA		
38	D	Down	70	70D3054	D3010	F4	4050	A	70D4050A	1	1	25.07.2016	0	2,71	5,6	2,21	2,24	20,44	18,39	12,46	375,8916	NA		
39	D	Down	70	70D3054	D3010	F4	4050	A	70D4050A	2	1	25.07.2016	0	2,4	6,02	2,54	2,38	19,04	17,19	14,8092	327,2976	NA		
NA	D	Down	70	70D3054	D3010	F4	4050	A	70D4050A	3	NA	NA	NA	NA	NA	NA	NA	NA	NA	NA	NA	NA		
40	D	Down	70	70D3054	D3023	F4	4051	A	70D4051A	1	2	25.07.2016	0	3,47	5,52	2,02	2,23	19,33	16,93	11,73	327,2569	NA		
103	D	Down	70	70D3054	D3023	F4	4051	A	70D4051A	2	2	29.07.2016	0,2	2,14	5,18	2,09	2,1	18,47	16,9	10,8521	312,143	NA		
104	D	Down	70	70D3054	D3023	F4	4051	A	70D4051A	3	3	29.07.2016	0	3,03	5,04	1,98	2,19	19,62	17,38	10,5084	340,9956	NA		
75	D	Down	70	70D3054	D3023	F4	4051	B	70D4051B	1	2	28.07.2016	0,72	3,13	5,47	1,91	1,87	18,5	17,29	10,3383	319,865	NA		
124	D	Down	70	70D3054	D3023	F4	4051	B	70D4051B	2	1	07.08.2016	0	2,99	5,9	2,56	2,45	20,25	19,4	14,7795	392,85	NA		
125	D	Down	70	70D3054	D3023	F4	4051	B	70D4051B	3	1	07.08.2016	0	3,08	6,36	2,34	2,46	21,42	21,52	15,264	460,9584	NA		
143	D	Down	70	70D3058	D3002	F4	4053	B	70D4053B	1	2	08.08.2016	0,2	3,13	5,91	2,2	2,5	17,92	17,96	13,8885	321,8432	NA		
183	D	Down	70	70D3058	D3002	F4	4053	B	70D4053B	2	1	23.08.2016	0	3,06	6,2	2,57	2,54	18,81	18,29	15,841	344,0349	NA		
196	D	Down	70	70D3058	D3002	F4	4053	B	70D4053B	3	1	24.08.2016	0,94	2,53	5,76	2,4	2,29	16,16	16,15	13,5072	260,984	NA		
42	D	Down	70	70D3058	D3037	F4	4054	A	70D4054A	1	1	25.07.2016	0	3,12	5,5	2,09	2,06	18,11	17,19	11,4125	311,3109	NA		
126	D	Down	70	70D3058	D3037	F4	4054	A	70D4054A	2	1	07.08.2016	0,4	3,02	4,8	1,94	1,85	17,98	15,92	9,096	286,2416	NA		
127	D	Down	70	70D3058	D3037	F4	4054	A	70D4054A	3	1	07.08.2016	0	2,33	5,36	2,11	2,49	20,16	18,96	12,328	382,2336	NA		
30	D	Down	70	70D3058	D3048	F4	4055	A	70D4055A	1	1	21.07.2016	0	2,25	6,63	2,8	2,38	19,28	18,74	17,1717	361,3072	NA		
89	D	Down	70	70D3058	D3048	F4	4055	A	70D4055A	2	1	28.07.2016	0	2,72	5,72	2,13	2,04	17,31	17,01	11,9262	294,4431	NA		
212	D	Down	70	70D3058	D3048	F4	4055	A	70D4055A	3	1	28.08.2016	1,32	3,1	5,51	2,38	2,39	18,85	16,23	13,14135	305,9355	NA		
23	D	Down	70	70D3058	D3048	F4	4055	B	70D4055B	1	2	21.07.2016	0	2,11	5,71	2,11	2,03	18,41	18,52	11,8197	340,9532	NA		
87	D	Down	70	70D3058	D3048	F4	4055	B	70D4055B	2	1	28.07.2016	0,42	3,2	4,99	1,9	2	18,67	17,58	9,7305	328,2186	NA		
142	D	Down	70	70D3058	D3048	F4	4055	B	70D4055B	3	1	08.08.2016	0	2,63	5,77	2,3	2,32	18,43	17,71	13,3287	326,3953	NA		
60	D	Down	70	70D3058	D3053	F4	4056	B	70D4056B	1	1	26.07.2016	0	2,69	5,67	2,18	2,1	18,43	17,84	12,1338	328,7912	NA		
144	D	Down	70	70D3058	D3053	F4	4056	B	70D4056B	2	1	08.08.2016	0	3,12	5,8	2,37	2,68	18,13	16,59	14,645	300,7767	NA		
145	D	Down	70	70D3058	D3053	F4	4056	B	70D4056B	3	1	08.08.2016	0	2,81	5,85	2,51	2,63	18,19	18,42	15,0345	335,0598	NA		
90	D	Down	70	70D3060	D3002	F4	4057	A	70D4057A	1	1	28.07.2016	0	3,08	6,43	2,37	2,17	20,2	19,74	14,5961	398,748	NA		
109	D	Down	70	70D3060	D3002	F4	4057	A	70D4057A	2	1	29.07.2016	0	2,94	6,59	2,36	1,96	18,69	18,5	14,2344	345,765	NA		
110	D	Down	70	70D3060	D3002	F4	4057	A	70D4057A	3	2	29.07.2016	0	3,73	5,58	2,13	1,91	18,55	18,83	11,2716	349,2965	NA		
101	D	Down	70	70D3060	D3002	F4	4057	B	70D4057B	1	1	28.07.2016	0	3,3	5,83	2,09	2,35	20,39	18,93	12,9426	385,9827	NA		
102	D	Down	70	70D3060	D3002	F4	4057	B	70D4057B	2	1	28.07.2016	2,97	3,81	4,8	1,71	1,51	16,23	15,14	7,728	245,7222	NA		
217	D	Down	70	70D3060	D3002	F4	4057	B	70D4057B	3	1	28.08.2016	0	3,2	6,77	2,2	2,34	19,21	18,78	15,3679	360,7638	NA		
117	D	Down	70	70D3060	D3010	F4	4058	A	70D4058A	1	2	05.08.2016	0	2,82	5,5	2,02	1,93	21,4	19,18	10,8625	410,452	NA		
193	D	Down	70	70D3060	D3010	F4	4058	A	70D4058A	2	1	24.08.2016	0	2,52	4,85	1,89	1,87	17,35	16,02	9,118	277,947	NA		
223	D	Down	70	70D3060	D3010	F4	4058	A	70D4058A	3	1	28.08.2016	0,78	3,19	4,46	2,02	1,29	17,57	16,8	7,3813	295,176	NA		
72	D	Down	70	70D3060	D3029	F4	4059	A	70D4059A	1	2	28.07.2016	0,73	2,74	6,02	2,23	2,37	21,29	19,51	13,846	415,3679	NA		
207	D	Down	70	70D3060	D3029	F4	4059	A	70D4059A	2	1	28.08.2016	0,65	2,6	5,61	2,02	2,13	19,35	18,48	11,64075	357,588	NA		
232	D	Down	70	70D3060	D3029	F4	4059	A	70D4059A	3	1	30.08.2016	0	2,82	5,15	1,58	1,83	19,42	19,07	8,78075	370,3394	NA		
86	D	Down	70	70D3060	D3029	F4	4059	B	70D4059B	1	1	28.07.2016	0,2	3,32	6,17	2,1	2,06	22,65	20,65	12,8336	467,7225	NA		
203	D	Down	70	70D3060	D3029	F4	4059	B	70D4059B	2	1	24.08.2016	0,79	3,14	5,6	2	2,12	18,21	15,08	11,536	274,6068	NA		
211	D	Down	70	70D3060	D3029	F4	4059	B	70D4059B	3	2	28.08.2016	1,27	3,54	4,73	1,67	2,14	19,23	17,43	9,01065	335,1789	NA		
237	D	Down	70	70D3060	D3049	F4	4060	B	70D4060B	1	1	03.09.2016	0	2,5	5,65	2,05	2,04	19,38	17,85	11,55425	345,933	NA		
238	D	Down	70	70D3060	D3049	F4	4060	B	70D4060B	2	2	04.09.2016	0,76	2,48	5,14	2,14	2,16	20,44	17,92	11,051	366,2848	NA		
239	D	Down	70	70D3060	D3049	F4	4060	B	70D4060B	3	3	04.09.2016	1,65	2,55	5,35	2,12	1,95	17,92	17,96	10,88725	321,8432	NA		
59	D	Down	70	70D3064	D3010	F4	4061	B	70D4061B	1	2	26.07.2016	0,51	3,11	7	2,14	2,44	22,77	21,89	16,03	498,4353	NA		
215	D	Down	70	70D3064	D3010	F4	4061	B	70D4061B	2	1	28.08.2016	0,84	3,73	6,46	1,87	2,37	22,88	20,92	13,6952	478,6496	NA		
216	D	Down	70	70D3064	D3010	F4	4061	B	70D4061B	3	2	28.08.2016	0	3,68	5,73	2,52	2,47	21,16	19,72	14,29635	417,2752	NA		
73	D	Down	70	70D3064	D3049	F4	4062	A	70D4062A	1	2	28.07.2016	0,65	2,3	5,61	1,98	2,1	19,94	17,74	11,4444	353,7356	NA		
162	D	Down	70	70D3064	D3049	F4	4062	A	70D4062A	2	3	10.08.2016	1,6	2,27	5,93	2,07	1,91	20,24	18,46	11,8007	373,6304	NA		
206	D	Down	70	70D3064	D3049	F4	4062	A	70D4062A	3	2	24.08.2016	0,4	2,81	5,66	2,13	1,78	19,25	18,16	11,0653	349,58	NA		
80	D	Down	70	70D3064	D3053	F4	4063	A	70D4063A	1	2	28.07.2016	0	2,48	5,69	1,85	2,01	16,49	14,06	10,9817	231,8494	NA		
166	D	Down	70	70D3064	D3053	F4	4063	A	70D4063A	2	1	11.08.2016	0	2,17	5,87	2,14	2,17	17,09	14,34	12,64985	245,0706	NA		
168	D	Down	70	70D3064	D3053	F4	4063	A	70D4063A	3	3	11.08.2016	0	2,14	6,28	2,44	2,49	17,07	15,36	15,4802	262,1952	NA		
184	D	Down	70	70D3064	D3054	F4	4064	A	70D4064A	1	1	23.08.2016	0	3,04	7,42	2,68	2,66	20,87	19,39	19,8114	404,6693	NA		
204	D	Down	70	70D3064	D3054	F4	4064	A	70D4064A	2	3	24.08.2016	0	3,37	6,28	2,38	2,44	22,98	20,7	15,1348	475,686	NA		
234	D	Down	70	70D3064	D3054	F4	4064	A	70D4064A	3	1	31.08.2016	0	3,37	7,2	2,77	2,96	23,07	22,65	20,628	522,5355	NA		
79	U	Up	70	U3001	U3023	F4	4001	A	70U4001A	1	2	28.07.2016	0,1	3,9	7,67	3,28	3,12	21,41	23,15	24,544	495,6415	NA		
93	U	Up	70	U3001	U3023	F4	4001	A	70U4001A	2	1	29.07.2016	0	4,32	7,3	2,97	2,92	21,28	22,24	21,4985	473,2672	NA		
112	U	Up	70	U3001	U3023	F4	4001	A	70U4001A	3	2	07.08.2016	0,2	3,94	7,48	3,02	3,17	21,71	21,79	23,1506	473,0609	NA		
116	U	Up	70	U3001	U3024B	F4	4002	B	70U4002B	1	2	08.08.2016	0	3,84	8,35	3,4	3,51	23,54	23,83	28,84925	560,9582	NA		
36	U	Up	70	U3001	U3024B	F4	4002	B	70U4002B	2	1	25.07.2016	0	3,6	7,71	2,88	3,15	20,19	21,99	23,24565	443,9781	NA		
172	U	Up	70	U3001	U3024B	F4	4002	B	70U4002B	3	1	23.08.2016	0	3,68	7,66	3	2,91	21,14	19,12	22,6353	404,1968	NA		
119	U	Up	70	U3001	U3027	F4	4003	A	70U4003A	1	1	08.08.2016	0	3,69	7,76	3,34	3,43	20,48	19,68	26,2676	403,0464	NA		
170	U	Up	70	U3001	U3027	F4	4003	A	70U4003A	2	1	23.08.2016	0	3,74	7,41	3,24	3,05	20,62	20,46	23,30445	421,8852	NA		
195	U	Up	70	U3001	U3027	F4	4003	A	70U4003A	3	1	24.08.2016	0	4,03	7,12	3,04	3,37	20,61	19,9	22,8196	410,139	NA		
42	U	Up	70	U3001	U3060B	F4	4004	A	70U4004A	1	2	25.07.2016	0	3,15	6,61	2,85	2,91	21,7	23,14	19,0368	502,138	NA		
113	U	Up	70	U3001	U3060B	F4	4004	A	70U4004A	2	3	08.08.2016	0	2,95	7,74	3,37	3,28	24	24,69	25,7355	592,56	NA		
190	U	Up	70	U3001	U3060B	F4	4004	A	70U4004A	3	1	24.08.2016	0,1	2,9	6,39	2,79	2,88	21,37	22,65	18,11565	484,0305	NA		
115	U	Up	70	U3001	U3060B	F4	4004	B	70U4004B	1	1	08.08.2016	0	2,58	7,53	3,22	3,22	19,41	19,93	24,2466	386,8413	NA		
227	U	Up	70	U3001	U3060B	F4	4004	B	70U4004B	2	3	29.08.2016	0,22	3,31	6,94	2,87	2,97	20,11	19,83	20,2648	398,7813	NA		
240	U	Up	70	U3001	U3060B	F4	4004	B	70U4004B	3	1	31.08.2016	0	3,14	7,15	2,74	3,15	20,27	21,24	21,05675	430,5348	NA		
16	U	Up	70	U3003	U3028B	F4	4006	B	70U4006B	1	1	20.07.2016	0	3,32	7,39	2,81	3,07	19,53	23,7	21,7266	462,861	NA		
30	U	Up	70	U3003	U3028B	F4	4006	B	70U4006B	2	1	22.07.2016	0	3,8	6,19	2,64	2,92	18,87	19,54	17,2082	368,7198	NA		
47	U	Up	70	U3003	U3028B	F4	4006	B	70U4006B	3	1	26.07.2016	0	3,71	6,59	2,92	3,12	19,69	22,39	19,9018	440,8591	NA		
31	U	Up	70	U3003	U3008B	F4	4008	A	70U4008A	1	1	22.07.2016	0	3,87	8,24	2,86	2,61	19,85	20,55	22,5364	407,9175	NA		
157	U	Up	70	U3003	U3008B	F4	4008	A	70U4008A	2	2	10.08.2016	0	4,26	7,28	3	3,1	20,78	22,02	22,204	457,5756	NA		
158	U	Up	70	U3003	U3008B	F4	4008	A	70U4008A	3	2	10.08.2016	0	3,81	6,95	2,86	2,59	19,43	19,17	18,93875	372,4731	NA		
49	U	Up	70	U3003	U3008B	F4	4008	B	70U4008B	1	1	26.07.2016	0,3	4,05	7,89	2,92	2,97	21,33	24,2	23,23605	516,186	NA		
61	U	Up	70	U3003	U3008B	F4	4008	B	70U4008B	2	1	27.07.2016	0,61	3,84	7,78	2,89	3,05	21,31	22,85	23,1066	486,9335	NA		
62	U	Up	70	U3003	U3008B	F4	4008	B	70U4008B	3	2	27.07.2016	2,23	3,86	7,74	2,65	2,62	21,47	24,47	20,3949	525,3709	NA		
54	U	Up	70	U3023	U3003	F4	4009	A	70U4009A	1	1	26.07.2016	1,18	3,55	6,17	2,43	2,46	20,59	21,57	15,08565	444,1263	NA		
219	U	Up	70	U3023	U3003	F4	4009	A	70U4009A	2	1	29.08.2016	0	2,89	6,7	2,59	2,51	17,98	18,43	17,085	331,3714	NA		
220	U	Up	70	U3023	U3003	F4	4009	A	70U4009A	3	1	29.08.2016	0	3,47	6,86	2,53	2,71	19,45	19,76	17,9732	384,332	NA		
74	U	Up	70	U3023	U3003	F4	4009	B	70U4009B	1	1	28.07.2016	0	3,68	6,51	2,61	2,72	17,8	19,56	17,34915	348,168	NA		
183	U	Up	70	U3023	U3003	F4	4009	B	70U4009B	2	1	24.08.2016	0	3,66	6,69	2,79	2,66	18	19,64	18,23025	353,52	NA		
184	U	Up	70	U3023	U3003	F4	4009	B	70U4009B	3	3	24.08.2016	0	3,92	7,55	3,16	3,27	20,14	22,2	24,27325	447,108	NA		
25	U	Up	70	U3023	U3032	F4	4010	A	70U4010A	1	1	21.07.2016	0	3,43	7,75	3,08	3,07	20,52	22,49	23,83125	461,4948	NA		
212	U	Up	70	U3023	U3032	F4	4010	A	70U4010A	2	1	28.08.2016	0,87	3,68	6,64	3,07	2,93	18,54	19,09	19,92	353,9286	NA		
213	U	Up	70	U3023	U3032	F4	4010	A	70U4010A	3	2	28.08.2016	0,87	3,98	6,43	2,87	2,96	21,22	20,59	18,74345	436,9198	NA		
87	U	Up	70	U3023	U3032	F4	4010	B	70U4010B	1	1	29.07.2016	0,45	2,94	6,81	2,69	2,66	21,82	21,34	18,21675	465,6388	NA		
98	U	Up	70	U3023	U3032	F4	4010	B	70U4010B	2	1	05.08.2016	0	3,19	6,84	2,82	2,63	19,73	17,69	18,639	349,0237	NA		
147	U	Up	70	U3023	U3032	F4	4010	B	70U4010B	3	1	10.08.2016	0,61	3,06	7,07	2,84	2,91	20,02	18,85	20,32625	377,377	NA		
53	U	Up	70	U3023	U3035	F4	4011	A	70U4011A	1	1	26.07.2016	0	3,82	6,8	2,94	2,89	20,52	21,87	19,822	448,7724	NA		
199	U	Up	70	U3023	U3035	F4	4011	A	70U4011A	2	1	24.08.2016	0	3,45	7,05	3,05	3,02	21,9	22,27	21,39675	487,713	NA		
235	U	Up	70	U3023	U3035	F4	4011	A	70U4011A	4	2	30.08.2016	0,68	4,1	6,95	2,54	2,76	21,39	21,58	18,4175	461,5962	NA		
35	U	Up	70	U3023	U3035	F4	4011	B	70U4011B	1	1	25.07.2016	0	3,23	7,16	2,93	2,55	21,35	21,2	19,6184	452,62	NA		
149	U	Up	70	U3023	U3035	F4	4011	B	70U4011B	2	1	10.08.2016	0	3,92	7,26	2,64	2,54	22,58	21,33	18,8034	481,6314	NA		
150	U	Up	70	U3023	U3035	F4	4011	B	70U4011B	3	2	10.08.2016	0,91	3,27	6,56	2,59	2,42	21,39	20,38	16,4328	435,9282	NA		
80	U	Up	70	U3023	U3056	F4	4012	A	70U4012A	1	1	28.07.2016	0,8	4,13	7,94	3,01	3,16	21,07	23,35	24,4949	491,9845	NA		
138	U	Up	70	U3023	U3056	F4	4012	A	70U4012A	2	1	09.08.2016	0	3,7	7,51	2,83	2,76	20,23	20,69	20,99045	418,5587	NA		
139	U	Up	70	U3023	U3056	F4	4012	A	70U4012A	3	1	09.08.2016	0	4,19	7,12	3,11	2,9	20,6	20,05	21,3956	413,03	NA		
121	U	Up	70	U3023	U3056	F4	4012	B	70U4012B	1	1	08.08.2016	0	3,72	6,67	2,62	2,85	21,28	20,34	18,24245	432,8352	NA		
186	U	Up	70	U3023	U3056	F4	4012	B	70U4012B	2	3	24.08.2016	0,43	4,24	7,83	3,15	3,29	22,28	24,05	25,2126	535,834	NA		
204	U	Up	70	U3023	U3056	F4	4012	B	70U4012B	3	1	28.08.2016	0	3,84	7,36	2,8	2,99	21,33	21,03	21,3072	448,5699	NA		
84	U	Up	70	U3024B	U3027	F4	4013	A	70U4013A	1	1	28.07.2016	0	4,28	7,6	2,79	2,9	20,04	18,8	21,622	376,752	NA		
122	U	Up	70	U3024B	U3027	F4	4013	A	70U4013A	2	1	08.08.2016	0	4,1	7,8	3,24	3,12	20,56	20,85	24,804	428,676	NA		
198	U	Up	70	U3024B	U3027	F4	4013	A	70U4013A	3	1	24.08.2016	0	4,06	8,39	3,61	3,38	22,72	23,28	29,32305	528,9216	NA		
167	U	Up	70	U3024B	U3031B	F4	4014	A	70U4014A	1	2	23.08.2016	0,8	3,2	7,39	3,21	2,98	22,29	21,52	22,87205	479,6808	NA		
207	U	Up	70	U3024B	U3031B	F4	4014	A	70U4014A	2	1	28.08.2016	0,99	3,11	7,14	2,72	2,61	20,95	21,12	19,0281	442,464	NA		
207	U	Up	70	U3024B	U3031B	F4	4014	A	70U4014A	3	2	28.08.2016	0	3,35	6,6	2,52	2,45	19,04	18,58	16,401	353,7632	NA		
51	U	Up	70	U3024B	U3033	F4	4015	A	70U4015A	1	1	26.07.2016	0,2	3,43	7,55	2,99	3,2	21,9	24,32	23,36725	532,608	NA		
69	U	Up	70	U3024B	U3033	F4	4015	A	70U4015A	2	2	27.07.2016	0	3,8	8,04	3,04	3,24	21,75	26,03	25,2456	566,1525	NA		
130	U	Up	70	U3024B	U3033	F4	4015	A	70U4015A	3	1	08.08.2016	1,08	3,4	7,95	3,12	3,22	23,74	24,75	25,2015	587,565	NA		
22	U	Up	70	U3024B	U3038B	F4	4016	A	70U4016A	1	1	21.07.2016	0	3,98	6,91	2,92	2,91	18,66	20,47	20,14265	381,9702	NA		
52	U	Up	70	U3024B	U3038B	F4	4016	A	70U4016A	2	1	26.07.2016	0,72	3,9	6,4	2,91	2,93	19,42	21,05	18,688	408,791	NA		
83	U	Up	70	U3024B	U3038B	F4	4016	A	70U4016A	3	3	28.07.2016	0,68	4,5	7,67	3,64	3,51	21,49	25,37	27,42025	545,2013	NA		
85	U	Up	70	U3027	U3023	F4	4017	A	70U4017A	1	1	28.07.2016	0	3,01	6,7	2,96	2,28	18,8	22	17,554	413,6	NA		
182	U	Up	70	U3027	U3023	F4	4017	A	70U4017A	2	3	24.08.2016	0	4,09	7,24	3,39	3,03	21,72	24,2	23,2404	525,624	NA		
225	U	Up	70	U3027	U3023	F4	4017	A	70U4017A	3	1	29.08.2016	0	3,07	7,48	2,77	3,07	19,24	22,08	21,8416	424,8192	NA		
105	U	Up	70	U3027	U3032	F4	4018	A	70U4018A	1	3	07.08.2016	0	3,44	7,63	3,25	3,08	23,41	25,21	24,14895	590,1661	NA		
187	U	Up	70	U3027	U3032	F4	4018	A	70U4018A	2	1	24.08.2016	0	3,07	8,23	3,34	3,31	23,33	23,48	27,36475	547,7884	NA		
226	U	Up	70	U3027	U3032	F4	4018	A	70U4018A	3	1	29.08.2016	0	3,55	7,11	3,07	2,94	20,94	21,19	21,36555	443,7186	NA		
144	U	Up	70	U3027	U3035	F4	4019	A	70U4019A	1	1	09.08.2016	0	3,25	7,72	3,14	3,13	24,16	24,56	24,2022	593,3696	NA		
NA	U	Up	70	U3027	U3035	F4	4019	A	70U4019A	2	1	10.08.2016	0,1	3,96	7,04	3,17	2,86	22,4	22,41	21,2256	501,984	NA		
203	U	Up	70	U3027	U3035	F4	4019	A	70U4019A	3	3	28.08.2016	0	3,88	7,38	3,02	2,94	22,82	22,92	21,9924	523,0344	NA		
67	U	Up	70	U3027	U3035	F4	4019	B	70U4019B	1	1	27.07.2016	0	3,37	6,76	2,57	2,56	18,23	20,46	17,3394	372,9858	NA		
68	U	Up	70	U3027	U3035	F4	4019	B	70U4019B	2	2	27.07.2016	0	3,32	7,55	2,99	3,28	19,15	22,42	23,66925	429,343	NA		
179	U	Up	70	U3027	U3035	F4	4019	B	70U4019B	3	1	23.08.2016	0	3,79	7,64	3,17	3,1	19,93	22,15	23,9514	441,4495	NA		
41	U	Up	70	U3027	U3060B	F4	4020	A	70U4020A	1	1	25.07.2016	0	3,11	7,51	2,77	3,11	19,72	22,3	22,0794	439,756	NA		
166	U	Up	70	U3027	U3060B	F4	4020	A	70U4020A	2	1	23.08.2016	0	2,99	6,91	2,94	2,89	18,94	19,73	20,14265	373,6862	NA		
191	U	Up	70	U3027	U3060B	F4	4020	A	70U4020A	3	3	24.08.2016	0	3,58	7,63	3,15	3,18	20,8	23,57	24,14895	490,256	NA		
34	U	Up	70	U3027	U3060B	F4	4020	B	70U4020B	1	1	22.07.2016	0	3,65	7,06	3,31	2,78	17,91	20,76	21,4977	371,8116	NA		
156	U	Up	70	U3027	U3060B	F4	4020	B	70U4020B	2	2	10.08.2016	0	3,39	7,22	3,36	3,17	21,3	22,31	23,5733	475,203	NA		
196	U	Up	70	U3027	U3060B	F4	4020	B	70U4020B	3	3	24.08.2016	0	3,95	7,57	3,68	3,49	21,23	23,07	27,13845	489,7761	NA		
40	U	Up	70	U3028B	U3023	F4	4021	A	70U4021A	1	2	25.07.2016	NA	3,66	8,15	3,07	3,38	21,11	23	26,28375	485,53	NA		
143	U	Up	70	U3028B	U3023	F4	4021	A	70U4021A	2	2	09.08.2016	0	3,25	7,63	2,98	3,1	18,27	19,43	23,1952	354,9861	NA		
234	U	Up	70	U3028B	U3023	F4	4021	A	70U4021A	3	1	30.08.2016	0	3,92	7,8	3,39	3,23	20,44	22,04	25,818	450,4976	NA		
18	U	Up	70	U3028B	U3031B	F4	4022	B	70U4022B	1	2	21.07.2016	0	2,75	7,62	3,19	3,28	24,02	26,7	24,6507	641,334	NA		
63	U	Up	70	U3028B	U3031B	F4	4022	B	70U4022B	2	1	27.07.2016	0	3,02	7,5	3,04	3	21,8	22,26	22,65	485,268	NA		
64	U	Up	70	U3028B	U3031B	F4	4022	B	70U4022B	3	1	27.07.2016	0,3	2,92	7,76	3,24	3,17	21,25	21,73	24,8708	461,7625	NA		
43	U	Up	70	U3028B	U3063B	F4	4023	A	70U4023A	1	3	25.07.2016	0,19	3,89	7,38	3,22	3,45	21,66	22,89	24,6123	495,7974	NA		
169	U	Up	70	U3028B	U3063B	F4	4023	A	70U4023A	2	2	23.08.2016	0,12	3,23	7,16	3,12	3,05	19,22	19,67	22,0886	378,0574	NA		
209	U	Up	70	U3028B	U3063B	F4	4023	A	70U4023A	3	1	28.08.2016	0	3,22	7,06	2,93	2,86	18,84	19,91	20,4387	375,1044	NA		
114	U	Up	70	U3028B	U3008B	F4	4024	A	70U4024A	1	1	08.08.2016	0	3,75	7,61	3,18	3,35	21,14	22,48	24,84665	475,2272	NA		
162	U	Up	70	U3028B	U3008B	F4	4024	A	70U4024A	2	1	11.08.2016	0	3,83	7,51	3,18	2,88	22,05	22,48	22,7553	495,684	NA		
188	U	Up	70	U3028B	U3008B	F4	4024	A	70U4024A	3	1	24.08.2016	0,3	3,61	7,2	2,88	2,9	20,43	20,51	20,808	419,0193	NA		
132	U	Up	70	U3028B	U3064	F4	4024	B	70U4024B	1	1	08.08.2016	0,99	2,95	7,58	3,14	3,32	21,8	22,73	24,4834	495,514	NA		
200	U	Up	70	U3028B	U3064	F4	4024	B	70U4024B	2	1	24.08.2016	0,6	3,12	6,65	2,84	2,98	21,9	21,61	19,3515	473,259	NA		
201	U	Up	70	U3028B	U3064	F4	4024	B	70U4024B	3	2	24.08.2016	0	3,12	6,23	2,51	2,55	19,65	17,8	15,7619	349,77	NA		
210	U	Up	70	U3031B	U3027	F4	4025	A	70U4025A	1	1	28.08.2016	0	3,8	7,07	3,01	2,86	21,43	21,93	20,75045	469,9599	NA		
211	U	Up	70	U3031B	U3027	F4	4025	A	70U4025A	2	3	28.08.2016	0	3,74	7,08	3,07	2,72	23,31	22,16	20,4966	516,5496	NA		
229	U	Up	70	U3031B	U3027	F4	4025	A	70U4025A	3	1	29.08.2016	0	3,57	6,35	2,59	2,48	19,31	18,41	16,09725	355,4971	NA		
23	U	Up	70	U3031B	U3038B	F4	4026	B	70U4026B	1	1	21.07.2016	0	4,22	6,97	3,01	2,82	22,33	24,09	20,31755	537,9297	NA		
131	U	Up	70	U3031B	U3038B	F4	4026	B	70U4026B	2	1	08.08.2016	0	3,53	7,3	3,07	2,9	19,64	20,5	21,7905	402,62	NA		
231	U	Up	70	U3031B	U3038B	F4	4026	B	70U4026B	3	1	29.08.2016	0	4,16	7,6	3,22	3,29	20,29	21,9	24,738	444,351	NA		
32	U	Up	70	U3031B	U3054	F4	4027	A	70U4027A	1	1	22.07.2016	1,53	2,64	6,33	2,33	1,08	19,52	19,79	10,79265	386,3008	NA		
140	U	Up	70	U3031B	U3054	F4	4027	A	70U4027A	2	1	09.08.2016	0,8	2,45	6,83	2,78	2,98	21,93	20,44	19,6704	448,2492	NA		
236	U	Up	70	U3031B	U3054	F4	4027	A	70U4027A	3	1	31.01.1900	0	3,27	6,97	3,18	2,82	20,56	19,95	19,6704	410,172	NA		
33	U	Up	70	U3031B	U3054	F4	4027	B	70U4027B	1	1	22.07.2016	0	2,97	5,54	2,26	2,25	20,6	19,03	12,4927	392,018	NA		
50	U	Up	70	U3031B	U3054	F4	4027	B	70U4027B	2	1	26.07.2016	0,63	3,32	6,19	2,46	2,53	21,01	21,17	15,44405	444,7817	NA		
65	U	Up	70	U3031B	U3054	F4	4027	B	70U4027B	3	1	27.07.2016	0	2,48	7,38	2,45	2,91	21,46	21,25	19,7784	456,025	NA		
70	U	Up	70	U3031B	U3008B	F4	4028	A	70U4028A	1	2	27.07.2016	0	3,49	6,92	2,73	2,88	19,02	19,25	19,4106	366,135	NA		
176	U	Up	70	U3031B	U3008B	F4	4028	A	70U4028A	2	2	23.08.2016	0,3	3,83	6,97	2,74	2,66	19,99	18,62	18,819	372,2138	NA		
228	U	Up	70	U3031B	U3008B	F4	4028	A	70U4028A	3	1	29.08.2016	0	4,38	6,66	2,69	2,57	18,29	19,42	17,5158	355,1918	NA		
26	U	Up	70	U3031B	U3008B	F4	4028	B	70U4028B	1	1	22.07.2016	0	2,36	7,55	2,64	2,53	20,72	20,18	12,0242	418,1296	NA		
148	U	Up	70	U3031B	U3008B	F4	4028	B	70U4028B	2	2	10.08.2016	1,05	2,67	7,46	2,72	2,7	22,95	23,69	13,5903	543,6855	NA		
180	U	Up	70	U3031B	U3008B	F4	4028	B	70U4028B	3	2	24.08.2016	0	2,43	7,47	2,64	2,6	21,13	20,02	12,28365	423,0226	NA		
5	U	Up	70	U3032	U3001	F4	4030	A	70U4030A	1	1	16.07.2016	0,37	2,52	6,96	2,69	2,95	19,79	20,26	19,6272	400,9454	NA		
29	U	Up	70	U3032	U3001	F4	4030	A	70U4030A	2	1	22.07.2016	0	2,86	7,46	3,07	3,17	21,32	23,06	23,2752	491,6392	NA		
59	U	Up	70	U3032	U3001	F4	4030	A	70U4030A	3	3	27.07.2016	1,07	3,19	7,17	3,09	2,59	20,66	23,02	20,3628	475,5932	NA		
72	U	Up	70	U3032	U3054	F4	4032	A	70U4032A	1	1	28.07.2016	0	3,91	6,96	3,08	2,93	21,35	21,62	20,9148	461,587	NA		
185	U	Up	70	U3032	U3054	F4	4032	A	70U4032A	2	1	24.08.2016	0,8	4,56	7,48	3,53	3,22	23,33	21,52	25,245	502,0616	NA		
241	U	Up	70	U3032	U3054	F4	4032	A	70U4032A	3	2	31.08.2016	2,32	3,62	7,52	3,13	3,04	24,06	21,29	23,1992	512,2374	NA		
96	U	Up	70	U3033	U3023	F4	4033	A	70U4033A	1	1	05.08.2016	0	3,3	6,9	2,66	2,61	20,18	19,22	18,1815	387,8596	NA		
97	U	Up	70	U3033	U3023	F4	4033	A	70U4033A	2	1	05.08.2016	0	3,97	6,93	2,84	2,68	21,38	20,41	19,1268	436,3658	NA		
146	U	Up	70	U3033	U3023	F4	4033	A	70U4033A	3	2	10.08.2016	0	4,05	7,25	3,01	2,82	21,79	22,23	21,13375	484,3917	NA		
24	U	Up	70	U3033	U3023	F4	4033	B	70U4033B	1	1	21.07.2016	0,75	3,67	6,97	2,48	2,78	18,83	19,96	18,3311	375,8468	NA		
178	U	Up	70	U3033	U3023	F4	4033	B	70U4033B	2	1	23.08.2016	0	3,66	7,61	3,06	3,2	18,72	19,26	23,8193	360,5472	NA		
238	U	Up	70	U3033	U3023	F4	4033	B	70U4033B	3	2	31.08.2016	0,44	3,53	7,63	3,08	2,95	17,78	20,22	23,00445	359,5116	NA		
8	U	Up	70	U3033	U3028B	F4	4034	A	70U4034A	1	1	16.07.2016	0,83	3,72	6,83	3,06	3,25	21,14	22,75	21,54865	480,935	NA		
205	U	Up	70	U3033	U3028B	F4	4034	A	70U4034A	2	1	28.08.2016	0	3,67	7,97	3,79	3,47	22,97	25,6	28,9311	588,032	NA		
206	U	Up	70	U3033	U3028B	F4	4034	A	70U4034A	3	3	28.08.2016	1,6	4,2	9,13	3,96	3,64	24,73	28,19	34,694	697,1387	NA		
127	U	Up	70	U3033	U3031B	F4	4035	A	70U4035A	1	2	08.08.2016	0	3,38	7,09	2,5	2,26	21,68	21,47	16,8742	465,4696	NA		
128	U	Up	70	U3033	U3031B	F4	4035	A	70U4035A	2	1	08.08.2016	0	2,97	7,51	2,81	2,73	22,83	22,69	20,8027	518,0127	NA		
129	U	Up	70	U3033	U3031B	F4	4035	A	70U4035A	3	2	08.08.2016	0	3,17	6,93	2,83	2,57	22,3	23,31	18,711	519,813	NA		
103	U	Up	70	U3033	U3031B	F4	4035	B	70U4035B	1	2	05.08.2016	0	3,24	6,5	2,45	2,48	18,88	19,85	16,0225	374,768	NA		
217	U	Up	70	U3033	U3031B	F4	4035	B	70U4035B	2	1	29.08.2016	0	2,39	7,14	2,78	2,65	20,92	21,41	19,3851	447,8972	NA		
218	U	Up	70	U3033	U3031B	F4	4035	B	70U4035B	3	2	29.08.2016	1,94	3,04	7,07	2,76	2,6	21,42	23,53	18,9476	504,0126	NA		
9	U	Up	70	U3033	U3056	F4	4036	A	70U4036A	1	2	19.07.2016	1,13	2,86	6,7	2,49	2,61	19,91	21,96	17,085	437,2236	NA		
104	U	Up	70	U3033	U3056	F4	4036	A	70U4036A	2	1	07.08.2016	0	3,48	6,95	3,03	2,85	20,99	21,41	20,433	449,3959	NA		
145	U	Up	70	U3033	U3056	F4	4036	A	70U4036A	3	1	09.08.2016	NA	3,22	6,99	2,73	2,92	19,65	20,67	19,74675	406,1655	NA		
12	U	Up	70	U3035	U3003	F4	4037	A	70U4037A	1	2	20.07.2016	0	3,8	6,18	2,54	2,31	19,36	18,77	14,9865	363,3872	NA		
88	U	Up	70	U3035	U3003	F4	4037	A	70U4037A	2	2	29.07.2016	0	3,13	7,39	3	2,92	21,63	23,82	21,8744	515,2266	NA		
224	U	Up	70	U3035	U3003	F4	4037	A	70U4037A	3	2	29.08.2016	0	2,84	6,36	2,46	2,43	18,93	20,73	15,5502	392,4189	NA		
11	U	Up	70	U3035	U3003	F4	4037	B	70U4037B	1	1	20.07.2016	0	2,82	5,51	1,92	2,36	18,35	20,53	11,7914	376,7255	NA		
58	U	Up	70	U3035	U3003	F4	4037	B	70U4037B	2	3	27.07.2016	0,73	3,4	7,53	2,72	2,94	19,65	22,24	21,3099	437,016	NA		
102	U	Up	70	U3035	U3003	F4	4037	B	70U4037B	3	1	05.08.2016	0	2,77	6,81	2,65	2,58	18,61	20,51	17,80815	381,6911	NA		
46	U	Up	70	U3035	U3031B	F4	4038	A	70U4038A	1	1	25.07.2016	0	3,49	7,42	3,23	3,22	21,45	23,06	23,9295	494,637	NA		
55	U	Up	70	U3035	U3031B	F4	4038	A	70U4038A	2	1	26.07.2016	0	3,35	7,13	3,25	2,94	20,61	23,26	22,06735	479,3886	NA		
108	U	Up	70	U3035	U3031B	F4	4038	A	70U4038A	3	1	07.08.2016	0	3,1	6,74	2,83	2,62	18,8	20,03	18,3665	376,564	NA		
38	U	Up	70	U3035	U3031B	F4	4038	B	70U4038B	1	2	25.07.2016	0	3,12	6,66	2,85	2,46	21,37	22,82	17,6823	487,6634	NA		
57	U	Up	70	U3035	U3031B	F4	4038	B	70U4038B	2	2	27.07.2016	0	3,51	7,65	2,92	2,74	20,78	24,62	21,6495	511,6036	NA		
101	U	Up	70	U3035	U3031B	F4	4038	B	70U4038B	3	1	05.07.2016	0	3,21	7,56	2,89	2,79	20,31	21,86	21,4704	443,9766	NA		
1	U	Up	70	U3035	U3008B	F4	4040	A	70U4040A	1	1	15.07.2016	0	3,13	6,35	2,4	2,73	18,76	20,02	16,28775	375,5752	NA		
13	U	Up	70	U3035	U3008B	F4	4040	A	70U4040A	2	1	20.07.2016	0	3,79	6,84	2,69	2,94	20,75	21,84	19,2546	453,18	NA		
73	U	Up	70	U3035	U3008B	F4	4040	A	70U4040A	3	2	28.07.2016	0	3,64	6,23	2,58	2,34	20,12	20,14	15,3258	405,2168	NA		
141	U	Up	70	U3038B	U3003	F4	4041	A	70U4041A	1	2	09.08.2016	0	4,01	7,7	3,2	2,82	21,05	23,06	23,177	485,413	NA		
216	U	Up	70	U3038B	U3003	F4	4041	A	70U4041A	2	2	28.08.2016	0	3,88	6,37	2,49	2,33	19,5	22,9	15,3517	446,55	NA		
NA	U	Up	70	U3038B	U3003	F4	4041	A	70U4041A	3	1	28.08.2016	0	3,81	7,36	3,28	2,86	21,36	23,42	22,5952	500,2512	NA		
90	U	Up	70	U3038B	U3003	F4	4041	B	70U4041B	1	1	29.07.2016	0	3,96	7,86	2,73	2,84	22,45	21,7	21,8901	487,165	NA		
109	U	Up	70	U3038B	U3003	F4	4041	B	70U4041B	2	1	07.08.2016	0	3,57	6,43	2,75	2,7	20,68	19,41	17,52175	401,3988	NA		
110	U	Up	70	U3038B	U3003	F4	4041	B	70U4041B	3	1	07.08.2016	0	3,77	6,68	2,82	2,85	21,41	19,67	18,9378	421,1347	NA		
244	U	Up	70	U3038B	U3033	F4	4042	B	70U4042B	1	1	02.09.2016	0	2,8	6,07	2,47	2,57	16,69	17	15,2964	283,73	NA		
245	U	Up	70	U3038B	U3033	F4	4042	B	70U4042B	2	1	02.09.2016	0	3,81	6,24	2,44	2,48	17,89	19,26	15,3504	344,5614	NA		
246	U	Up	70	U3038B	U3033	F4	4042	B	70U4042B	3	1	03.09.2016	0	4,16	7,32	3,11	2,64	21,67	21,17	21,045	458,7539	NA		
153	U	Up	70	U3038B	U3056	F4	4043	A	70U4043A	1	1	10.08.2016	0	4,23	7,67	3,36	3,11	23,16	23,56	24,81245	545,6496	NA		
248	U	Up	70	U3038B	U3056	F4	4043	A	70U4043A	2	3	05.09.2016	0	5,12	6,79	2,9	2,94	22,64	24,37	19,8268	551,7368	NA		
249	U	Up	70	U3038B	U3056	F4	4043	A	70U4043A	3	3	07.09.2016	1,05	4,19	6,68	2,72	2,68	21,38	20,82	18,036	445,1316	NA		
117	U	Up	70	U3038B	U3063B	F4	4044	B	70U4044B	1	1	08.08.2016	0	4,2	7,48	3,18	3,16	22,66	22,4	23,7116	507,584	NA		
239	U	Up	70	U3038B	U3063B	F4	4044	B	70U4044B	2	1	31.08.2016	0,48	4,24	6,1	2,81	2,99	22,23	22,4	17,69	497,952	NA		
247	U	Up	70	U3038B	U3063B	F4	4044	B	70U4044B	3	1	04.09.2016	0	4,29	7,85	3,05	3,3	26,43	25,53	24,92375	674,7579	NA		
39	U	Up	70	U3054	U3027	F4	4045	A	70U4045A	1	1	25.07.2016	0	2,95	5,66	2,34	2,75	17,46	16,93	14,4047	295,5978	NA		
71	U	Up	70	U3054	U3027	F4	4045	A	70U4045A	2	1	27.07.2016	0	3,7	6,03	2,28	2,37	19,37	19,29	14,01975	373,6473	NA		
181	U	Up	70	U3054	U3027	F4	4045	A	70U4045A	3	1	24.08.2016	0	3,02	6,03	2,34	2,44	17,62	18,34	14,4117	323,1508	NA		
45	U	Up	70	U3054	U3027	F4	4045	B	70U4045B	1	1	25.07.2016	0	2,91	6,44	2,85	2,72	18,93	21,11	17,9354	399,6123	NA		
161	U	Up	70	U3054	U3027	F4	4045	B	70U4045B	2	1	11.08.2016	1,36	3,55	7,13	2,8	3,28	21,21	21,98	21,6752	466,1958	NA		
189	U	Up	70	U3054	U3027	F4	4045	B	70U4045B	3	1	24.08.2016	0	3,25	6,68	2,61	2,82	20,48	19,91	18,1362	407,7568	NA		
3	U	Up	70	U3054	U3033	F4	4046	B	70U4046B	1	1	16.07.2016	0	3,05	7,52	2,44	2,95	20,99	21,81	20,2664	457,7919	NA		
6	U	Up	70	U3054	U3033	F4	4046	B	70U4046B	2	1	16.07.2016	0	3,52	7,18	2,64	2,81	21,2	20,83	19,5655	441,596	NA		
123	U	Up	70	U3054	U3033	F4	4046	B	70U4046B	3	1	08.08.2016	0	3,3	6,87	2,67	2,57	21,25	21,37	17,9994	454,1125	NA		
106	U	Up	70	U3054	U3035	F4	4047	A	70U4047A	1	2	07.08.2016	0	3,37	6,92	3,04	2,73	20,72	21,88	19,9642	453,3536	NA		
107	U	Up	70	U3054	U3035	F4	4047	A	70U4047A	2	1	07.08.2016	0	2,83	7,57	3,2	3,03	20,23	20,52	23,58055	415,1196	NA		
155	U	Up	70	U3054	U3035	F4	4047	A	70U4047A	3	3	10.08.2016	0,1	2,55	7,14	2,81	2,64	19,93	21,45	19,4565	427,4985	NA		
48	U	Up	70	U3054	U3035	F4	4047	B	70U4047B	1	1	26.07.2016	0,51	2,74	7,47	3,17	2,83	21,34	23,04	22,41	491,6736	NA		
135	U	Up	70	U3054	U3035	F4	4047	B	70U4047B	2	2	09.08.2016	0	2,46	6,85	2,83	2,6	19,93	22,35	18,59775	445,4355	NA		
136	U	Up	70	U3054	U3035	F4	4047	B	70U4047B	3	3	09.08.2016	0,83	2,89	6,56	2,66	2,65	22,05	22,57	17,4168	497,6685	NA		
111	U	Up	70	U3054	U3060B	F4	4048	A	70U4048A	1	2	07.08.2016	0	3,56	7,05	3,13	2,92	24,92	24,13	21,32625	601,3196	NA		
134	U	Up	70	U3054	U3060B	F4	4048	A	70U4048A	2	1	08.08.2016	0,95	3,29	6,93	2,96	3,07	23,3	22,9	20,89395	533,57	NA		
233	U	Up	70	U3054	U3060B	F4	4048	A	70U4048A	3	1	30.08.2016	0	3,29	7,05	2,78	2,93	22,67	23,34	20,12775	529,1178	NA		
91	U	Up	70	U3056	U3001	F4	4049	A	70U4049A	1	2	29.07.2016	0	3,78	7,77	3,26	3,11	22,89	25,24	24,74745	577,7436	NA		
124	U	Up	70	U3056	U3001	F4	4049	A	70U4049A	2	1	08.08.2016	0,58	3,51	8,75	3,23	2,96	23,29	23,79	27,08125	554,0691	NA		
125	U	Up	70	U3056	U3001	F4	4049	A	70U4049A	3	1	08.08.2016	0,64	3,13	7,6	3,13	2,91	21,33	23,02	22,952	491,0166	NA		
21	U	Up	70	U3056	U3001	F4	4049	B	70U4049B	1	1	21.07.2016	0,2	3,6	6,28	2,5	2,79	24,29	25,22	16,6106	612,5938	NA		
92	U	Up	70	U3056	U3001	F4	4049	B	70U4049B	2	1	29.07.2016	NA	3,99	6,1	3,05	3,1	24,38	25,36	18,7575	618,2768	NA		
126	U	Up	70	U3056	U3001	F4	4049	B	70U4049B	3	1	08.08.2016	0,43	3,8	6,92	2,93	3,05	23,81	24,82	20,6908	590,9642	NA		
10	U	Up	70	U3056	U3003	F4	4050	A	70U4050A	1	1	20.07.2016	0	3,27	7,45	3,2	3,36	18,51	19,67	24,436	364,0917	NA		
27	U	Up	70	U3056	U3003	F4	4050	A	70U4050A	2	1	22.07.2016	0	3,06	6,97	2,96	2,98	19,54	19,27	20,7009	376,5358	NA		
56	U	Up	70	U3056	U3003	F4	4050	A	70U4050A	3	2	27.07.2016	0	3,8	7,5	3,42	3,22	19,52	20,31	24,9	396,4512	NA		
120	U	Up	70	U3056	U3003	F4	4050	B	70U4050B	1	1	08.08.2016	0,5	3,73	6,12	2,71	2,69	18,06	17,27	16,524	311,8962	NA		
164	U	Up	70	U3056	U3003	F4	4050	B	70U4050B	2	1	11.08.2016	0	3,67	6,93	3,41	3	21,49	20,57	22,21065	442,0493	NA		
174	U	Up	70	U3056	U3003	F4	4050	B	70U4050B	3	2	23.08.2016	0	3,84	7,97	3,86	3,57	23,68	24,65	29,60855	583,712	NA		
177	U	Up	70	U3056	U3024B	F4	4051	A	70U4051A	1	2	23.08.2016	0	4,69	7,35	3,41	3,13	24,14	21,51	24,0345	519,2514	NA		
230	U	Up	70	U3056	U3024B	F4	4051	A	70U4051A	2	1	29.08.2016	0	3,64	7,04	2,83	2,95	22,07	22,38	20,3456	493,9266	NA		
237	U	Up	70	U3056	U3024B	F4	4051	A	70U4051A	3	2	31.08.2016	0,99	3,45	6,96	2,73	2,8	20,99	19,63	19,2444	412,0337	NA		
2	U	Up	70	U3056	U3035	F4	4052	A	70U4052A	1	1	15.07.2016	0	3,19	7,34	2,9	3,13	20,16	23,58	22,1301	475,3728	NA		
86	U	Up	70	U3056	U3035	F4	4052	A	70U4052A	2	1	28.07.2016	0	3,28	7,69	3,3	2,66	18,64	21,1	22,9162	393,304	NA		
175	U	Up	70	U3056	U3035	F4	4052	A	70U4052A	3	2	23.08.2016	0,2	3,95	6,68	3,02	2,57	19,37	21,56	18,6706	417,6172	NA		
7	U	Up	70	U3056	U3035	F4	4052	B	70U4052B	1	1	16.07.2016	0	3,81	7,14	3,6	3,2	23,35	24,58	24,276	573,943	NA		
94	U	Up	70	U3056	U3035	F4	4052	B	70U4052B	2	1	29.07.2016	0	4,22	8,29	3,2	3,56	23,92	27,08	28,0202	647,7536	NA		
95	U	Up	70	U3056	U3035	F4	4052	B	70U4052B	3	1	29.07.2016	0	3,85	8,67	3,68	3,62	25,55	27,96	31,6455	714,378	NA		
15	U	Up	70	U3060B	U3028B	F4	4053	A	70U4053A	1	2	20.07.2016	NA	3,25	7,31	3,22	3,39	23,53	24,69	24,15955	580,9557	NA		
66	U	Up	70	U3060B	U3028B	F4	4053	A	70U4053A	2	1	27.07.2016	0,85	2,71	6,56	2,79	3,02	14,81	18,21	19,0568	269,6901	NA		
202	U	Up	70	U3060B	U3028B	F4	4053	A	70U4053A	3	1	24.08.2016	0	2,97	6,94	2,82	2,85	20,19	19,94	19,6749	402,5886	NA		
44	U	Up	70	U3060B	U3033	F4	4054	A	70U4054A	1	2	25.07.2016	0,64	2,97	7,79	3,57	3,31	20,62	23,28	26,7976	480,0336	NA		
160	U	Up	70	U3060B	U3033	F4	4054	A	70U4054A	2	1	11.08.2016	0,67	3,13	8	3,23	3,28	20,76	21,96	26,04	455,8896	NA		
168	U	Up	70	U3060B	U3033	F4	4054	A	70U4054A	3	1	23.08.2016	0,63	3,15	8,47	3,36	3,41	22,11	24,09	28,67095	532,6299	NA		
142	U	Up	70	U3060B	U3033	F4	4054	B	70U4054B	1	3	09.08.2016	0	2,96	8,13	3,25	3,14	22,04	24,94	25,97535	549,6776	NA		
151	U	Up	70	U3060B	U3033	F4	4054	B	70U4054B	2	1	10.08.2016	0	3,03	7,43	3,2	3,04	19,76	21,38	23,1816	422,4688	NA		
152	U	Up	70	U3060B	U3033	F4	4054	B	70U4054B	3	3	10.08.2016	0	3,62	7,14	2,82	2,78	20,51	21,85	19,992	448,1435	NA		
78	U	Up	70	U3060B	U3056	F4	4055	A	70U4055A	1	1	28.07.2016	0	3,23	6,86	2,57	2,64	18,95	18,83	17,8703	356,8285	NA		
192	U	Up	70	U3060B	U3056	F4	4055	A	70U4055A	2	1	24.08.2016	0,48	3,02	6,81	2,83	2,66	20,9	20,85	18,69345	435,765	NA		
193	U	Up	70	U3060B	U3056	F4	4055	A	70U4055A	3	3	24.08.2016	1,15	3,51	7,12	2,63	2,82	21,27	21,45	19,402	456,2415	NA		
14	U	Up	70	U3060B	U3063B	F4	4056	A	70U4056A	1	1	20.07.2016	0	3,06	7,5	3,26	3,26	20,04	24,05	24,45	481,962	NA		
76	U	Up	70	U3060B	U3063B	F4	4056	A	70U4056A	2	1	28.07.2016	0	3,43	7,57	3,45	3,13	20,99	23,47	24,9053	492,6353	NA		
159	U	Up	70	U3060B	U3063B	F4	4056	A	70U4056A	3	1	11.08.2016	0	2,73	6,71	2,98	3,24	20,45	21,95	20,8681	448,8775	NA		
20	U	Up	70	U3063B	U3001	F4	4057	A	70U4057A	1	1	21.07.2016	1,54	3,18	6,27	2,42	2,22	19,35	18,73	14,5464	362,4255	NA		
163	U	Up	70	U3063B	U3001	F4	4057	A	70U4057A	2	1	11.08.2016	0	3,06	7,14	2,84	2,44	18,76	18,98	18,8496	356,0648	NA		
173	U	Up	70	U3063B	U3001	F4	4057	A	70U4057A	3	1	23.08.2016	0	3,66	7,78	2,93	2,86	22,02	22,01	22,5231	484,6602	NA		
19	U	Up	70	U3063B	U3001	F4	4057	B	70U4057B	1	2	21.07.2016	0	2,49	6,08	2,32	2,49	18,97	21,02	14,6224	398,7494	NA		
82	U	Up	70	U3063B	U3001	F4	4057	B	70U4057B	2	1	28.07.2016	0	2,92	6,95	2,61	2,6	19,19	20,89	18,10475	400,8791	NA		
89	U	Up	70	U3063B	U3001	F4	4057	B	70U4057B	3	1	29.07.2016	0	3,19	7,25	2,72	2,62	20,53	22,64	19,3575	464,7992	NA		
4	U	Up	70	U3063B	U3024B	F4	4058	A	70U4058A	1	1	15.07.2016	0	3,76	7,41	3,02	2,89	21,34	23,54	21,89655	502,3436	NA		
221	U	Up	70	U3063B	U3024B	F4	4058	A	70U4058A	2	1	29.08.2016	0	2,87	7,07	2,98	2,73	20,84	22,93	20,18485	477,8612	NA		
222	U	Up	70	U3063B	U3024B	F4	4058	A	70U4058A	3	3	29.08.2016	0	3,34	7,64	3,32	2,96	22,34	23,11	23,9896	516,2774	NA		
250	U	Up	70	U3063B	U3032	F4	4059	A	70U4059A	1	1	12.09.2016	0,5	2,49	6,73	3,09	2,77	21,2	22,74	19,7189	482,088	NA		
251	U	Up	70	U3063B	U3032	F4	4059	A	70U4059A	2	1	13.09.2016	0	3,06	6,86	2,7	3,14	21,53	24,05	20,0312	517,7965	NA		
NA	U	Up	70	U3063B	U3032	F4	4059	A	70U4059A	3	NA	NA	NA	NA	NA	NA	NA	NA	NA	NA	NA	NA		
133	U	Up	70	U3063B	U3054	F4	4060	C	70U4060C	1	1	08.08.2016	0	2,89	7,6	2,71	3,01	19,8	21,55	21,736	426,69	NA		
223	U	Up	70	U3063B	U3054	F4	4060	C	70U4060C	2	1	29.08.2016	1,57	3,49	6,21	2,72	2,84	23,06	22,08	17,2638	509,1648	NA		
243	U	Up	70	U3063B	U3054	F4	4060	C	70U4060C	3	2	31.08.2016	0,65	3,31	7,02	2,88	2,92	22,2	23,21	20,358	515,262	NA		
118	U	Up	70	3008B	U3001	F4	4061	A	70U4061A	1	1	08.08.2016	0,55	3	6,97	3,04	3,13	20,1	20	21,50245	402	NA		
171	U	Up	70	3008B	U3001	F4	4061	A	70U4061A	2	1	23.08.2016	0,83	3,52	7,23	2,85	2,99	20,58	20,07	21,1116	413,0406	NA		
194	U	Up	70	3008B	U3001	F4	4061	A	70U4061A	3	1	24.08.2016	0,54	4,02	6,57	2,54	2,54	22	21,01	16,6878	462,22	NA		
28	U	Up	70	3008B	U3001	F4	4061	B	70U4061B	1	1	22.07.2016	0	3,69	6,54	2,55	2,79	19,2	21,03	17,4618	403,776	NA		
37	U	Up	70	3008B	U3001	F4	4061	B	70U4061B	2	1	25.07.2016	0	3,33	7,25	2,84	2,93	19,36	19,96	20,91625	386,4256	NA		
100	U	Up	70	3008B	U3001	F4	4061	B	70U4061B	3	1	05.08.2016	0	3,52	7,09	2,98	2,94	19,65	19,7	20,9864	387,105	NA		
77	U	Up	70	3008B	U3038B	F4	4062	A	70U4062A	1	1	28.07.2016	0	4,05	6,52	2,33	2,56	20,02	19,49	15,9414	390,1898	NA		
214	U	Up	70	3008B	U3038B	F4	4062	A	70U4062A	2	1	28.08.2016	0	4,65	7,04	2,82	2,85	21,45	22,16	19,9584	475,332	NA		
232	U	Up	70	3008B	U3038B	F4	4062	A	70U4062A	3	1	29.08.2016	0	4,04	7,13	2,8	2,91	21,04	21,46	20,35615	451,5184	NA		
137	U	Up	70	3008B	U3054	F4	4063	A	70U4063A	1	1	09.08.2016	0,94	3,33	6,3	2,89	2,53	19,8	18,41	17,073	364,518	NA		
197	U	Up	70	3008B	U3054	F4	4063	A	70U4063A	2	1	24.08.2016	0	4,23	6,17	2,6	2,18	20,63	21,31	14,7463	439,6253	NA		
215	U	Up	70	3008B	U3054	F4	4063	A	70U4063A	3	1	28.08.2016	0,6	3,61	6,35	2,63	2,64	20,32	19,03	16,73225	386,6896	NA		
17	U	Up	70	3008B	U3054	F4	4063	B	70U4063B	1	1	21.07.2016	0	3,93	7,67	2,8	2,81	17,22	18,29	21,51435	314,9538	NA		
60	U	Up	70	3008B	U3054	F4	4063	B	70U4063B	2	1	27.07.2016	0	3,86	6,75	2,87	2,49	20,71	21,56	18,09	446,5076	NA		
81	U	Up	70	3008B	U3054	F4	4063	B	70U4063B	3	3	28.07.2016	0,67	4,94	6,55	2,71	2,81	21,71	22,1	18,078	479,791	NA		
75	U	Up	70	3008B	U3060B	F4	4064	B	70U4064B	1	1	28.07.2016	0	3,13	7	2,51	2,82	20,3	21,24	18,655	431,172	NA		
154	U	Up	70	3008B	U3060B	F4	4064	B	70U4064B	2	1	10.08.2016	0	3,24	6,41	2,65	2,83	19,74	19,8	17,5634	390,852	NA		
165	U	Up	70	3008B	U3060B	F4	4064	B	70U4064B	3	1	11.08.2016	0	3,76	7,06	2,74	2,74	20,18	19,23	19,3444	388,0614	NA		
153	RAN	Ran	70	3002	3012	F4	4042	na	70RAN4042na	1	1	08.08.2016	0	3,47	7,17	2,79	2,94	20,43	21,98	20,54205	449,0514	NA		
154	RAN	Ran	70	3002	3012	F4	4042	na	70RAN4042na	2	1	08.08.2016	0	3,26	7,09	3,05	2,81	18,34	18,88	20,7737	346,2592	NA		
155	RAN	Ran	70	3002	3012	F4	4042	na	70RAN4042na	3	1	08.08.2016	0	3,22	7,11	2,69	2,87	18,69	18,83	19,7658	351,9327	NA		
66	RAN	Ran	70	3007	3029	F4	4043	A	70RAN4043A	1	1	27.07.2016	1,85	3,04	5,66	1,36	2,11	20,11	19,79	9,8201	397,9769	NA		
146	RAN	Ran	70	3007	3029	F4	4043	A	70RAN4043A	2	1	28.07.2016	0,94	3,2	6,76	1,86	2,39	21,51	21,3	14,365	458,163	NA		
147	RAN	Ran	70	3007	3029	F4	4043	A	70RAN4043A	3	1	29.07.2016	0	3,32	6,79	2,25	2,77	20,11	21,79	17,0429	438,1969	NA		
98	RAN	Ran	70	3007	3029	F4	4043	B	70RAN4043B	1	1	08.08.2016	0	3,09	6,46	2,02	2,26	19,18	18,12	13,8244	347,5416	NA		
233	RAN	Ran	70	3007	3029	F4	4043	B	70RAN4043B	2	1	24.08.2016	0,9	2,9	7,2	2,59	2,42	20,82	21,2	18,036	441,384	NA		
234	RAN	Ran	70	3007	3029	F4	4043	B	70RAN4043B	3	1	24.08.2016	0	2,96	6,34	2,52	2,25	18,46	17,4	15,1209	321,204	NA		
113	RAN	Ran	70	3013	3018	F4	4044	B	70RAN4044B	1	1	08.08.2016	0	2,67	7,2	2,38	2,51	19,64	20,73	17,604	407,1372	NA		
117	RAN	Ran	70	3013	3018	F4	4044	B	70RAN4044B	2	2	08.08.2016	0	2,78	5,83	2,36	2,44	19,58	19,8	13,992	387,684	NA		
227	RAN	Ran	70	3013	3018	F4	4044	B	70RAN4044B	3	3	24.08.2016	0	2,95	6,7	2,41	1,65	20,18	20	13,601	403,6	NA		
224	RAN	Ran	70	3013	3034	F4	4045	B	70RAN4045B	1	1	24.08.2016	0	3,48	6,94	2,4	2,68	22,17	22,21	17,6276	492,3957	NA		
297	RAN	Ran	70	3013	3034	F4	4045	B	70RAN4045B	2	1	03.09.2016	0,3	3,78	6,12	2,44	2,22	22,01	22,25	14,2596	489,7225	NA		
298	RAN	Ran	70	3013	3034	F4	4045	B	70RAN4045B	3	3	03.09.2016	0,79	2,87	7,63	2,96	2,77	25,08	27,43	21,85995	687,9444	NA		
93	RAN	Ran	70	3028	3011	F4	4046	A	70RAN4046A	1	1	25.07.2016	1,29	2,57	7,23	2,52	2,97	19,67	20,85	19,84635	410,1195	NA		
215	RAN	Ran	70	3028	3011	F4	4046	A	70RAN4046A	2	1	24.08.2016	1,85	2,73	6,94	2,32	2,29	18,5	20,12	15,9967	372,22	NA		
216	RAN	Ran	70	3028	3011	F4	4046	A	70RAN4046A	3	1	24.08.2016	0	2,84	7,42	2,83	1,95	20,89	22,4	17,7338	467,936	NA		
148	RAN	Ran	70	3028	3011	F4	4046	B	70RAN4046B	1	1	27.07.2016	1,05	2,97	7,29	3,1	2,94	22,57	23,85	22,0158	538,2945	NA		
116	RAN	Ran	70	3028	3011	F4	4046	B	70RAN4046B	2	2	23.08.2016	0,53	2,97	8,03	3,22	3,26	25,54	24,96	26,0172	637,4784	NA		
240	RAN	Ran	70	3028	3011	F4	4046	B	70RAN4046B	3	1	28.08.2016	1,28	2,39	7,9	3,19	2,9	24,84	26	24,0555	645,84	NA		
145	RAN	Ran	70	3033	3021	F4	4047	A	70RAN4047A	1	1	25.07.2016	0	3,29	6,95	2,88	2,67	19,61	20,3	19,28625	398,083	NA		
95	RAN	Ran	70	3033	3021	F4	4047	A	70RAN4047A	2	2	08.08.2016	0,58	3,33	6,94	2,86	3,05	21	20,24	20,5077	425,04	NA		
152	RAN	Ran	70	3033	3021	F4	4047	A	70RAN4047A	3	2	08.08.2016	0	3,8	6,27	2,78	3,03	19,99	19,51	18,21435	390,0049	NA		
84	RAN	Ran	70	3027	3012	F4	4001	A	70RAN4001A	1	1	27.07.2016	0	2,96	6,21	2,21	2,27	19,43	19,56	13,9104	380,0508	NA		
85	RAN	Ran	70	3027	3012	F4	4001	A	70RAN4001A	2	2	27.07.2016	0	3,27	6,2	2,29	2,44	19,83	20,25	14,663	401,5575	NA		
112	RAN	Ran	70	3027	3012	F4	4001	A	70RAN4001A	3	3	29.07.2016	0	2,77	6,98	2,54	2,51	20,78	22,37	17,6245	464,8486	NA		
74	RAN	Ran	70	3027	3012	F4	4001	B	70RAN4001B	1	1	05.08.2016	0	3,15	5,89	2,44	2,34	20,13	21,65	14,0771	435,8145	NA		
170	RAN	Ran	70	3027	3012	F4	4001	B	70RAN4001B	2	1	09.08.2016	NA	2,92	6,14	2,38	2,32	17,92	18,18	14,429	325,7856	NA		
182	RAN	Ran	70	3027	3012	F4	4001	B	70RAN4001B	3	1	10.08.2016	0	2,95	5,87	2,52	2,25	17,54	17,55	13,99995	307,827	NA		
101	RAN	Ran	70	3002	3013	F4	4004	A	70RAN4004A	1	3	26.07.2016	0	2,64	7,47	2,52	2,96	20,08	21,53	20,4678	432,3224	NA		
81	RAN	Ran	70	3002	3013	F4	4004	A	70RAN4004A	2	1	28.07.2016	0	2,52	6,74	2,4	2,42	16,85	16,72	16,2434	281,732	NA		
167	RAN	Ran	70	3002	3013	F4	4004	A	70RAN4004A	3	1	09.08.2016	0	2,44	6,42	2,14	2,39	16,95	16,75	14,5413	283,9125	NA		
55	RAN	Ran	70	3028	3015	F4	4005	A	70RAN4005A	1	2	05.08.2016	0	3,75	7,03	2,84	3,09	21,13	20,9	20,84395	441,617	NA		
174	RAN	Ran	70	3028	3015	F4	4005	A	70RAN4005A	2	1	09.08.2016	0,75	2,95	5,87	2,27	2,45	18,39	18,09	13,8532	332,6751	NA		
175	RAN	Ran	70	3028	3015	F4	4005	A	70RAN4005A	3	1	09.08.2016	0,69	3,59	6,89	2,82	2,63	18,31	18,91	18,77525	346,2421	NA		
63	RAN	Ran	70	3028	3015	F4	4005	B	70RAN4005B	1	1	23.08.2016	0,73	3,57	6,67	3,15	2,94	18,4	18,59	20,31015	342,056	NA		
83	RAN	Ran	70	3028	3015	F4	4005	B	70RAN4005B	2	3	23.08.2016	2,23	2,79	7,29	2,92	3,09	19,74	20,99	21,90645	414,3426	NA		
220	RAN	Ran	70	3028	3015	F4	4005	B	70RAN4005B	3	1	24.08.2016	0	3,67	7,15	3,08	2,93	20,06	20,92	21,48575	419,6552	NA		
183	RAN	Ran	70	3029	3028	F4	4007	A	70RAN4007A	1	2	05.08.2016	0,88	2,28	6,77	2,31	1,79	22,45	20,25	13,8785	454,6125	NA		
99	RAN	Ran	70	3029	3028	F4	4007	A	70RAN4007A	2	2	05.08.2016	0	2,7	7,23	2,68	2,7	23,3	24,37	19,4487	567,821	NA		
100	RAN	Ran	70	3029	3028	F4	4007	A	70RAN4007A	3	1	10.08.2016	0	2,51	6,21	2,49	2,26	19,47	18,69	14,74875	363,8943	NA		
181	RAN	Ran	70	3029	3028	F4	4007	B	70RAN4007B	1	1	23.08.2016	2,31	3,04	6,74	2,89	2,94	23,12	21,91	19,6471	506,5592	NA		
163	RAN	Ran	70	3028	3002	F4	4010	A	70RAN4010A	1	1	27.07.2016	0	3,05	5,79	1,92	2,18	19,25	19,06	11,8695	366,905	NA		
164	RAN	Ran	70	3028	3002	F4	4010	A	70RAN4010A	2	2	05.08.2016	0	3,07	6,47	2,37	2,65	19,98	21,63	16,2397	432,1674	NA		
198	RAN	Ran	70	3028	3002	F4	4010	A	70RAN4010A	3	3	10.08.2016	1,21	3,88	6,66	1,97	2,22	20,52	22,06	13,9527	452,6712	NA		
27	RAN	Ran	70	3024	3011	F4	4019	A	70RAN4019A	1	2	09.08.2016	0	3,47	6,34	2,46	2,4	19,57	21,36	15,4062	418,0152	NA		
187	RAN	Ran	70	3024	3011	F4	4019	A	70RAN4019A	2	2	09.08.2016	0	3,39	7,43	2,82	2,67	21,14	22,94	20,39535	484,9516	NA		
188	RAN	Ran	70	3024	3011	F4	4019	A	70RAN4019A	3	1	11.08.2016	0,92	3,12	6,4	2,54	2,41	18,26	19,26	15,84	351,6876	NA		
118	RAN	Ran	70	3024	3011	F4	4019	B	70RAN4019B	1	1	22.07.2016	0	3,69	7,08	2,82	2,96	20,51	22,3	20,4612	457,373	NA		
119	RAN	Ran	70	3024	3011	F4	4019	B	70RAN4019B	2	1	10.08.2016	0,68	4,34	7,44	2,8	2,73	21,4	22,53	20,5716	482,142	NA		
14	RAN	Ran	70	3024	3011	F4	4019	B	70RAN4019B	3	1	10.08.2016	0,1	4,49	6,64	2,79	2,68	21,53	21,49	18,1604	462,6797	NA		
76	RAN	Ran	70	3033	3012	F4	4022	A	70RAN4022A	1	2	25.07.2016	0	2,91	6,7	2,75	2,95	20,27	21,39	19,095	433,5753	NA		
82	RAN	Ran	70	3033	3012	F4	4022	A	70RAN4022A	2	1	05.08.2016	0,25	2,92	6,19	2,76	2,91	20,48	21,2	17,54865	434,176	NA		
213	RAN	Ran	70	3033	3012	F4	4022	A	70RAN4022A	3	2	24.08.2016	0	3,08	7,03	2,98	3,05	20,57	20,58	21,19545	423,3306	NA		
108	RAN	Ran	70	3028	3011	F4	4027	A	70RAN4027A	1	1	27.07.2016	1,63	2,55	6,97	2,94	2,05	20,56	23,06	17,39015	474,1136	NA		
102	RAN	Ran	70	3028	3011	F4	4027	A	70RAN4027A	2	1	28.07.2016	1,17	2,42	8,1	2,8	3,25	20,77	24,02	24,5025	498,8954	NA		
103	RAN	Ran	70	3028	3011	F4	4027	A	70RAN4027A	3	2	28.07.2016	0	2,36	8,03	3,2	3,34	22,34	26,65	26,2581	595,361	NA		
13	RAN	Ran	70	3013	3034	F4	4028	A	70RAN4028A	1	1	18.07.2016	0,82	2,68	6,34	2,09	2,39	19,31	18,28	14,2016	352,9868	NA		
50	RAN	Ran	70	3013	3034	F4	4028	A	70RAN4028A	2	1	29.07.2016	0	2,64	6,58	2,49	2,48	18,58	18,82	16,3513	349,6756	NA		
157	RAN	Ran	70	3013	3034	F4	4028	A	70RAN4028A	3	2	29.07.2016	0	2,37	6,13	2,49	2,43	20,23	20,88	15,0798	422,4024	NA		
104	RAN	Ran	70	3030	3012	F4	4029	A	70RAN4029A	1	1	16.07.2016	0	3,43	6,72	2,95	3,36	21,26	22,73	21,2016	483,2398	NA		
6	RAN	Ran	70	3030	3012	F4	4029	A	70RAN4029A	2	2	26.07.2016	0	3,19	6,56	2,79	2,8	17,46	19,43	18,3352	339,2478	NA		
184	RAN	Ran	70	3030	3012	F4	4029	A	70RAN4029A	3	1	08.08.2016	0	3,35	7,07	3,07	2,64	18,94	20,71	20,18485	392,2474	NA		
156	RAN	Ran	70	3007	3016	F4	4034	A	70RAN4034A	1	1	27.07.2016	0	3,56	6,66	2,55	2,53	19,78	18,3	16,9164	361,974	NA		
41	RAN	Ran	70	3007	3016	F4	4034	A	70RAN4034A	2	1	29.07.2016	0	2,75	7,24	2,8	2,87	19,77	19,74	20,5254	390,2598	NA		
64	RAN	Ran	70	3007	3016	F4	4034	A	70RAN4034A	3	3	10.08.2016	0	3,56	6,96	2,9	2,77	20,48	20,11	19,7316	411,8528	NA		
71	RAN	Ran	70	3007	3016	F4	4034	B	70RAN4034B	1	1	08.08.2016	0	3,21	7,07	2,44	2,5	19,02	19,37	17,4629	368,4174	NA		
287	RAN	Ran	70	3007	3016	F4	4034	B	70RAN4034B	2	2	02.09.2016	0	3,51	7,19	2,61	2,54	20,6	21,48	18,51425	442,488	NA		
301	RAN	Ran	70	3007	3016	F4	4034	B	70RAN4034B	3	3	04.09.2016	0,58	3,48	6,57	2,54	2,37	20,08	21,52	16,12935	432,1216	NA		
87	RAN	Ran	70	3013	3018	F4	4038	A	70RAN4038A	1	1	28.07.2016	0	2,65	7,3	2,76	2,67	18,5	20,82	19,8195	385,17	NA		
105	RAN	Ran	70	3013	3018	F4	4038	A	70RAN4038A	2	3	28.07.2016	0	3,08	6,9	2,34	2,51	20,1	21,66	16,7325	435,366	NA		
230	RAN	Ran	70	3013	3018	F4	4038	A	70RAN4038A	3	1	24.08.2016	0	2,85	6,44	2,3	2,43	18,62	18,89	15,2306	351,7318	NA		
122	RAN	Ran	70	3002	3012	F4	4040	A	70RAN4040A	1	1	16.07.2016	0	3,05	6,58	2,32	2,47	18,84	18,65	15,7591	351,366	NA		
90	RAN	Ran	70	3002	3012	F4	4040	A	70RAN4040A	2	1	21.07.2016	0,1	2,93	6,37	2,52	2,43	18,55	20,06	15,76575	372,113	NA		
151	RAN	Ran	70	3002	3012	F4	4040	A	70RAN4040A	3	1	28.07.2016	0	3,1	6,72	2,38	2,4	17,64	17,35	16,0608	306,054	NA		
114	RAN	Ran	70	3007	3008	F4	4041	A	70RAN4041A	1	1	15.07.2016	0	2,66	6,97	2,45	2,08	18,73	18,88	15,78705	353,6224	NA		
44	RAN	Ran	70	3007	3008	F4	4041	A	70RAN4041A	2	1	21.07.2016	0	2,31	6,11	2,05	2,09	18,55	19,12	12,6477	354,676	NA		
92	RAN	Ran	70	3007	3008	F4	4041	A	70RAN4041A	3	2	08.08.2016	0	2,87	5,75	1,83	1,88	20,41	19,49	10,66625	397,7909	NA		
252	RAN	Ran	70	70,218	70,416	F4	P002	A	70RANP002A	1	1	29.08.2016	0	2,47	5,64	1,9	2,15	16,34	15,85	11,421	258,989	NA		
268	RAN	Ran	70	70,218	70,416	F4	P002	A	70RANP002A	2	1	30.08.2016	0	2,73	6,4	2,28	2,32	19,98	18,95	14,72	378,621	NA		
269	RAN	Ran	70	70,218	70,416	F4	P002	A	70RANP002A	3	1	30.08.2016	0	2,68	5,81	2,06	1,82	16,2	17,76	11,2714	287,712	NA		
31	RAN	Ran	70	70,218	70,416	F4	P002	B	70RANP002B	1	1	29.07.2016	0	2,75	6,14	2,37	2,43	17,29	16,21	14,736	280,2709	NA		
253	RAN	Ran	70	70,218	70,416	F4	P002	B	70RANP002B	2	1	29.08.2016	0	2,8	6,18	1,93	2,19	16,13	15,76	12,7308	254,2088	NA		
271	RAN	Ran	70	70,218	70,416	F4	P002	B	70RANP002B	3	1	30.08.2016	0	2,88	6,11	2,23	2,23	15,93	16,77	13,6253	267,1461	NA		
45	RAN	Ran	70	70,409	70,404	F4	P003	A	70RANP003A	1	1	21.07.2016	0,87	2,66	6,52	2,4	2,53	19,71	18,49	16,0718	364,4379	NA		
91	RAN	Ran	70	70,409	70,404	F4	P003	A	70RANP003A	2	1	27.07.2016	0	2,74	6,85	2,7	2,68	17,4	18,68	18,4265	325,032	NA		
24	RAN	Ran	70	70,409	70,404	F4	P003	A	70RANP003A	3	3	27.07.2016	0,1	3,01	6,89	2,48	2,52	20,31	21,61	17,225	438,8991	NA		
115	RAN	Ran	70	70,173	70,404	F4	P004	A	70RANP004A	1	3	25.07.2016	0	2,61	6,86	2,27	2,34	19,25	19,51	15,8123	375,5675	NA		
56	RAN	Ran	70	70,173	70,404	F4	P004	A	70RANP004A	2	1	28.07.2016	0	2,79	6,46	2,36	2,28	16,21	17,44	14,9872	282,7024	NA		
72	RAN	Ran	70	70,173	70,404	F4	P004	A	70RANP004A	3	1	29.07.2016	0	3,14	6,29	2,29	2,36	17,01	17,77	14,62425	302,2677	NA		
73	RAN	Ran	70	70,173	70,404	F4	P004	B	70RANP004B	1	1	28.07.2016	0	2,89	7,18	2,47	2,77	18,27	20,41	18,8116	372,8907	NA		
68	RAN	Ran	70	70,173	70,404	F4	P004	B	70RANP004B	2	1	29.07.2016	0	2,96	6,95	2,38	2,28	17,63	18,99	16,1935	334,7937	NA		
106	RAN	Ran	70	70,173	70,404	F4	P004	B	70RANP004B	3	1	29.07.2016	0	3,03	7,14	2,61	2,5	18,03	20,02	18,2427	360,9606	NA		
96	RAN	Ran	70	70,048	70,174	F4	P005	A	70RANP005A	1	2	19.07.2016	0	3,28	6,76	2,25	2,15	20,25	19,27	14,872	390,2175	NA		
67	RAN	Ran	70	70,048	70,174	F4	P005	A	70RANP005A	2	1	21.07.2016	0	3,02	6,35	2,09	2,22	20,19	18,18	13,68425	367,0542	NA		
199	RAN	Ran	70	70,048	70,174	F4	P005	A	70RANP005A	3	1	27.07.2016	0	2,74	6,24	2,61	2,31	17,54	17,08	15,3504	299,5832	NA		
178	RAN	Ran	70	70,023	70,168	F4	P006	A	70RANP006A	1	1	18.07.2016	0	3,56	7,62	2,72	2,94	20,41	20,48	21,5646	417,9968	NA		
59	RAN	Ran	70	70,023	70,168	F4	P006	A	70RANP006A	2	3	29.07.2016	0	4,48	6,68	2,57	2,46	20,5	20,9	16,8002	428,45	NA		
236	RAN	Ran	70	70,023	70,168	F4	P006	A	70RANP006A	3	1	28.08.2016	0	4,21	6,63	2,3	2,62	20,74	20,86	16,3098	432,6364	NA		
303	RAN	Ran	70	70,174	70,168	F4	P007	A	70RANP007A	1	1	05.09.2016	0	4,03	6,51	2,5	2,42	19,19	20,85	16,0146	400,1115	NA		
307	RAN	Ran	70	70,174	70,168	F4	P007	A	70RANP007A	2	3	07.09.2016	0	4,49	6,17	2,39	2,51	20,55	22,13	15,1165	454,7715	NA		
281	RAN	Ran	70	70,174	70,168	F4	P007	B	70RANP007B	1	2	31.08.2016	0	3,82	6,86	2,7	3,03	19,61	21,21	19,6539	415,9281	NA		
290	RAN	Ran	70	70,174	70,168	F4	P007	B	70RANP007B	2	3	02.09.2016	0	4,38	6,94	2,86	2,89	19,95	22,94	19,9525	457,653	NA		
295	RAN	Ran	70	70,174	70,168	F4	P007	B	70RANP007B	3	1	03.09.2016	0	3,3	6,51	2,68	2,56	19,68	21,13	17,0562	415,8384	NA		
69	RAN	Ran	70	70,439	70,420	F4	P008	A	70RANP008A	1	1	07.08.2016	0	2,81	6,44	2,67	2,6	22,67	21,21	16,9694	480,8307	NA		
120	RAN	Ran	70	70,439	70,420	F4	P008	A	70RANP008A	2	1	11.08.2016	0	3,02	6,36	2,86	2,94	22,55	21,29	18,444	480,0895	NA		
294	RAN	Ran	70	70,439	70,420	F4	P008	A	70RANP008A	3	1	03.09.2016	1,69	3	6,14	2,17	2,38	21,73	20,74	13,9685	450,6802	NA		
221	RAN	Ran	70	70,439	70,420	F4	P008	B	70RANP008B	1	1	24.08.2016	0	3,42	5,79	2,52	2,36	19,97	17,22	14,1276	343,8834	NA		
222	RAN	Ran	70	70,439	70,420	F4	P008	B	70RANP008B	2	3	24.08.2016	0	3	5,12	2,08	1,97	19,26	15,29	10,368	294,4854	NA		
291	RAN	Ran	70	70,439	70,420	F4	P008	B	70RANP008B	3	2	02.09.2016	0	2,84	5,91	2,33	2,2	19,56	19,99	13,38615	391,0044	NA		
289	RAN	Ran	70	70,367	70,023	F4	P009	A	70RANP009A	1	1	02.09.2016	0	4,01	6,63	2,62	2,72	20,9	20,12	17,7021	420,508	NA		
296	RAN	Ran	70	70,367	70,023	F4	P009	A	70RANP009A	2	1	03.09.2016	0	3,72	6,83	2,41	2,75	20,6	19,32	17,6214	397,992	NA		
304	RAN	Ran	70	70,367	70,023	F4	P009	A	70RANP009A	3	3	05.09.2016	0	3,72	7,52	2,63	2,79	22,72	22,22	20,3792	504,8384	NA		
142	RAN	Ran	70	70,367	70,023	F4	P009	B	70RANP009B	1	1	09.08.2016	0,71	2,96	7,41	2,51	2,51	21,45	20,13	18,5991	431,7885	NA		
250	RAN	Ran	70	70,367	70,023	F4	P009	B	70RANP009B	2	1	29.08.2016	0	2,42	6,3	2,28	2,53	18,83	18,97	15,1515	357,2051	NA		
251	RAN	Ran	70	70,367	70,023	F4	P009	B	70RANP009B	3	1	29.08.2016	0	3,22	7,42	3,22	2,92	19,94	21,05	22,7794	419,737	NA		
185	RAN	Ran	70	70,367	70,383	F4	P010	A	70RANP010A	1	1	22.07.2016	1,13	2,79	7,63	2,93	2,96	19,47	20,28	22,47035	394,8516	NA		
149	RAN	Ran	70	70,367	70,383	F4	P010	A	70RANP010A	2	1	26.07.2016	0	3,05	7,17	2,89	2,87	19,04	20,18	20,6496	384,2272	NA		
70	RAN	Ran	70	70,367	70,383	F4	P010	A	70RANP010A	3	2	26.07.2016	0	2,64	7,5	3,13	2,95	18,98	22,37	22,8	424,5826	NA		
192	RAN	Ran	70	70,109	70,151	F4	P012	A	70RANP012A	1	2	08.08.2016	2,15	2,72	6,56	2,53	2,35	20,62	21,27	16,0064	438,5874	NA		
26	RAN	Ran	70	70,109	70,151	F4	P012	A	70RANP012A	2	1	23.08.2016	0	3,42	7,14	2,72	2,83	19,45	19,79	19,8135	384,9155	NA		
22	RAN	Ran	70	70,109	70,151	F4	P012	A	70RANP012A	3	1	23.08.2016	0,63	3,26	6,05	2,55	2,34	16,54	16,7	14,79225	276,218	NA		
143	RAN	Ran	70	70,109	70,151	F4	P012	B	70RANP012B	1	1	10.08.2016	0	3,21	6,21	2,29	2,21	17,88	18,2	13,9725	325,416	NA		
275	RAN	Ran	70	70,109	70,151	F4	P012	B	70RANP012B	2	1	31.08.2016	1,15	3,91	6,04	2,36	2,03	19,23	22,7	13,2578	436,521	NA		
305	RAN	Ran	70	70,109	70,151	F4	P012	B	70RANP012B	3	3	05.09.2016	0,92	3,52	6,83	2,38	2,52	19,77	24,05	16,7335	475,4685	NA		
195	RAN	Ran	70	70,168	70,390	F4	P013	A	70RANP013A	1	1	08.08.2016	0	3,27	7,14	2,85	2,89	20,36	19,93	20,4918	405,7748	NA		
226	RAN	Ran	70	70,168	70,390	F4	P013	A	70RANP013A	2	2	24.08.2016	2,04	4,04	4,96	2,02	1,9	18,26	15,76	9,7216	287,7776	NA		
239	RAN	Ran	70	70,168	70,390	F4	P013	A	70RANP013A	3	3	28.08.2016	0	3,41	7,33	2,72	2,7	22,88	23,44	19,8643	536,3072	NA		
32	RAN	Ran	70	70,168	70,390	F4	P013	B	70RANP013B	1	1	23.08.2016	0	3,76	7,27	3,02	2,98	19,65	18,9	21,81	371,385	NA		
245	RAN	Ran	70	70,168	70,390	F4	P013	B	70RANP013B	2	1	29.08.2016	0	3,66	6,94	2,88	2,86	21,15	20,96	19,9178	443,304	NA		
246	RAN	Ran	70	70,168	70,390	F4	P013	B	70RANP013B	3	1	29.08.2016	0	3,72	7,3	2,96	2,85	21,86	21,01	21,2065	459,2786	NA		
80	RAN	Ran	70	70,048	70,174	F4	P014	A	70RANP014A	1	1	25.07.2016	0	3,31	6,73	2,64	2,8	19,16	21,16	18,3056	405,4256	NA		
237	RAN	Ran	70	70,048	70,174	F4	P014	A	70RANP014A	2	1	28.08.2016	0,1	2,62	5,8	2,17	2,25	17,05	17,91	12,818	305,3655	NA		
225	RAN	Ran	70	70,048	70,174	F4	P014	A	70RANP014A	3	3	24.08.2016	0,31	3,18	7,07	2,6	2,81	19,7	21,65	19,12435	426,505	NA		
121	RAN	Ran	70	70,048	70,174	F4	P014	A	70RANP014A	3	1	11.08.2016	0	3,19	7,34	2,6	2,87	18,67	20,24	20,0749	377,8808	NA		
189	RAN	Ran	70	70,048	70,174	F4	P014	B	70RANP014B	1	1	23.08.2016	0	3,39	6,43	2,62	2,42	18,58	18,26	16,2036	339,2708	NA		
242	RAN	Ran	70	70,048	70,174	F4	P014	B	70RANP014B	2	1	28.08.2016	0	3,34	7,19	2,99	2,94	20,05	21,38	21,31835	428,669	NA		
86	RAN	Ran	70	70,174	70,168	F4	P015	A	70RANP015A	1	3	28.07.2016	1,53	3,89	7,07	3,05	2,92	21,6	22,89	21,10395	494,424	NA		
260	RAN	Ran	70	70,174	70,168	F4	P015	A	70RANP015A	2	2	29.08.2016	0	4,06	7,04	2,72	3,04	21,02	21,35	20,2752	448,777	NA		
279	RAN	Ran	70	70,174	70,168	F4	P015	A	70RANP015A	3	1	31.08.2016	0	3,88	6,46	2,67	2,9	17,81	19,07	17,9911	339,6367	NA		
228	RAN	Ran	70	70,174	70,168	F4	P015	B	70RANP015B	1	2	24.08.2016	0,64	4,02	6,65	2,61	2,72	19,42	21,6	17,72225	419,472	NA		
259	RAN	Ran	70	70,174	70,168	F4	P015	B	70RANP015B	2	1	29.08.2016	0	4,08	6,65	2,61	2,7	20,76	22,88	17,65575	474,9888	NA		
288	RAN	Ran	70	70,174	70,168	F4	P015	B	70RANP015B	3	1	02.09.2016	0	4,16	6,66	2,69	2,73	21,08	23,92	18,0486	504,2336	NA		
61	RAN	Ran	70	70,063	70,151	F4	P016	A	70RANP016A	1	1	28.07.2016	0	3,26	6,69	2,64	2,34	18,26	17,07	16,6581	311,6982	NA		
144	RAN	Ran	70	70,063	70,151	F4	P016	A	70RANP016A	2	2	08.08.2016	0	3,04	6,2	2,54	2,61	18,14	17,42	15,965	315,9988	NA		
62	RAN	Ran	70	70,063	70,151	F4	P016	A	70RANP016A	3	1	11.08.2016	0	3,97	7,19	2,54	2,46	18,19	18,69	17,975	339,9711	NA		
214	RAN	Ran	70	70,023	70,217	F4	P017	A	70RANP017A	1	3	24.08.2016	0	3,02	7,07	2,82	2,76	21,8	21,05	19,7253	458,89	NA		
265	RAN	Ran	70	70,023	70,217	F4	P017	A	70RANP017A	2	1	30.08.2016	0	3,12	7,07	2,72	2,58	19,95	20,84	18,7355	415,758	NA		
266	RAN	Ran	70	70,023	70,217	F4	P017	A	70RANP017A	3	2	30.08.2016	0,1	3,17	7,42	2,86	2,87	21,64	20,14	21,2583	435,8296	NA		
89	RAN	Ran	70	70,217	70,390	F4	P018	A	70RANP018A	1	1	25.07.2016	0	3,39	7,59	3,04	2,91	20,75	22,22	22,58025	461,065	NA		
190	RAN	Ran	70	70,217	70,390	F4	P018	A	70RANP018A	2	1	07.08.2016	0	3,47	7,54	2,99	2,71	18,84	21,41	21,489	403,3644	NA		
191	RAN	Ran	70	70,217	70,390	F4	P018	A	70RANP018A	3	2	07.08.2016	1,46	3,53	7,07	2,78	2,58	21,07	22,8	18,9476	480,396	NA		
123	RAN	Ran	70	70,174	70,111	F4	P019	A	70RANP019A	1	2	11.08.2016	0	3,78	6,53	2,68	2,5	19,01	18,25	16,9127	346,9325	NA		
124	RAN	Ran	70	70,174	70,111	F4	P019	A	70RANP019A	2	1	23.08.2016	0	3,05	6,62	2,7	2,59	19,2	17,47	17,5099	335,424	NA		
65	RAN	Ran	70	70,406	70,337	F4	P020	A	70RANP020A	1	2	25.07.2016	0	3,18	8,19	2,87	3,25	23,9	24,98	25,0614	597,022	NA		
212	RAN	Ran	70	70,406	70,337	F4	P020	A	70RANP020A	2	2	24.08.2016	0	2,79	6,1	2,47	2,26	18,48	17,45	14,4265	322,476	NA		
243	RAN	Ran	70	70,406	70,337	F4	P020	A	70RANP020A	3	2	29.08.2016	0	3,6	7,05	2,58	2,68	20,29	19,8	18,5415	401,742	NA		
58	RAN	Ran	70	70,136	70,423	F4	P021	A	70RANP021A	1	1	25.07.2016	0	3,18	6,49	2,88	2,73	19,36	20,24	18,20445	391,8464	NA		
194	RAN	Ran	70	70,136	70,423	F4	P021	A	70RANP021A	2	3	08.08.2016	0	3,75	6,92	3,09	2,99	21,16	21,53	21,0368	455,5748	NA		
28	RAN	Ran	70	70,136	70,423	F4	P021	A	70RANP021A	3	1	23.08.2016	0	3,82	6,49	2,87	2,73	19	18,5	18,172	351,5	NA		
193	RAN	Ran	70	70,136	70,423	F4	P021	B	70RANP021B	1	3	29.07.2016	0	3,03	6,65	2,39	2,64	20,56	19,99	16,72475	410,9944	NA		
231	RAN	Ran	70	70,136	70,423	F4	P021	B	70RANP021B	2	1	24.08.2016	0	2,92	6,25	2,56	2,63	18,85	17,9	16,21875	337,415	NA		
232	RAN	Ran	70	70,136	70,423	F4	P021	B	70RANP021B	3	1	24.08.2016	0	3,21	6,23	2,5	2,43	17,98	17,7	15,35695	318,246	NA		
162	RAN	Ran	70	70,174	70,390	F4	P022	A	70RANP022A	1	1	25.07.2016	0	3,09	7,88	2,91	2,93	18,85	19,9	23,0096	375,115	NA		
77	RAN	Ran	70	70,174	70,390	F4	P022	A	70RANP022A	2	1	11.08.2016	0	3,09	7,4	3,13	2,99	18,05	20,06	22,644	362,083	NA		
168	RAN	Ran	70	70,174	70,390	F4	P022	A	70RANP022A	3	3	11.08.2016	0	3,54	8,35	3,13	2,85	19,79	21,06	24,9665	416,7774	NA		
276	RAN	Ran	70	70,174	70,390	F4	P022	B	70RANP022B	1	1	31.08.2016	0	4,12	6,02	2,52	2,6	19,33	19,5	15,4112	376,935	NA		
277	RAN	Ran	70	70,174	70,390	F4	P022	B	70RANP022B	2	1	31.08.2016	0	3,6	6,63	2,52	2,57	19,39	19,86	16,87335	385,0854	NA		
278	RAN	Ran	70	70,174	70,390	F4	P022	B	70RANP022B	3	1	31.08.2016	0	4,53	7,2	2,93	2,76	20,55	20,71	20,484	425,5905	NA		
169	RAN	Ran	70	70,111	70,074	F4	P023	A	70RANP023A	1	1	18.07.2016	1,65	3,51	6,48	2,25	2,4	19,99	17,54	15,066	350,6246	NA		
263	RAN	Ran	70	70,111	70,074	F4	P023	A	70RANP023A	2	1	29.08.2016	0,2	3,62	7,33	2,69	2,92	23,24	22,24	20,56065	516,8576	NA		
273	RAN	Ran	70	70,111	70,074	F4	P023	A	70RANP023A	3	2	31.08.2016	1,12	4,05	7,11	2,57	2,52	23,48	21,97	18,09495	515,8556	NA		
60	RAN	Ran	70	70,109	70,063	F4	P024	A	70RANP024A	1	3	18.07.2016	0,5	3,97	7,9	2,7	2,92	19,72	19,72	22,199	388,8784	NA		
107	RAN	Ran	70	70,109	70,063	F4	P024	A	70RANP024A	2	1	20.07.2016	0	3,42	6,67	2,77	2,69	16,8	18,06	18,2091	303,408	NA		
78	RAN	Ran	70	70,109	70,063	F4	P024	A	70RANP024A	3	2	27.07.2016	0	3,44	7,37	2,97	2,78	19,33	21,46	21,18875	414,8218	NA		
79	RAN	Ran	70	70,423	70,040	F4	P025	A	70RANP025A	1	1	11.08.2016	0	3,52	6,84	2,75	2,82	18,46	18,48	19,0494	341,1408	NA		
248	RAN	Ran	70	70,423	70,040	F4	P025	A	70RANP025A	2	1	29.08.2016	0,4	3,32	7,31	2,86	2,62	19,77	19,75	20,0294	390,4575	NA		
249	RAN	Ran	70	70,423	70,040	F4	P025	A	70RANP025A	3	1	29.08.2016	0	3,4	7,34	3,15	3,04	19,95	21,05	22,7173	419,9475	NA		
52	RAN	Ran	70	70,423	70,040	F4	P025	B	70RANP025B	1	1	29.07.2016	0	3,12	6,98	2,56	2,9	17,91	19,28	19,0554	345,3048	NA		
241	RAN	Ran	70	70,423	70,040	F4	P025	B	70RANP025B	2	1	28.08.2016	0	3,61	6,43	2,67	2,67	17,17	17,47	17,1681	299,9599	NA		
261	RAN	Ran	70	70,423	70,040	F4	P025	B	70RANP025B	3	1	29.08.2016	0	3,73	5,93	2,33	2,4	16,6	15,49	14,02445	257,134	NA		
111	RAN	Ran	70	70,048	70,168	F4	P026	A	70RANP026A	1	1	11.08.2016	0,1	3,82	5,88	2,22	2,49	19,98	18,87	13,8474	377,0226	NA		
280	RAN	Ran	70	70,048	70,168	F4	P026	A	70RANP026A	2	2	31.08.2016	0,7	3,59	6,58	2,55	2,62	21,18	21,91	17,0093	464,0538	NA		
300	RAN	Ran	70	70,048	70,168	F4	P026	A	70RANP026A	3	1	04.09.2016	0	3,43	7,5	2,83	3	22,84	23,26	21,8625	531,2584	NA		
247	RAN	Ran	70	70,048	70,168	F4	P026	B	70RANP026B	1	1	29.08.2016	0,55	2,3	6,2	2,88	2,78	20,64	18,22	17,546	376,0608	NA		
283	RAN	Ran	70	70,048	70,168	F4	P026	B	70RANP026B	2	3	31.08.2016	0,1	3,54	7,17	2,78	2,49	23,11	22	18,89295	508,42	NA		
292	RAN	Ran	70	70,048	70,168	F4	P026	B	70RANP026B	3	2	02.09.2016	0,46	3,23	6,36	2,36	2,76	22,95	22,01	16,2816	505,1295	NA		
165	RAN	Ran	70	70,151	70,173	F4	P027	A	70RANP027A	1	2	09.08.2016	1,01	3,12	6,44	2,52	2,47	19,52	21,97	16,0678	428,8544	NA		
284	RAN	Ran	70	70,151	70,173	F4	P027	A	70RANP027A	2	1	02.09.2016	0	3,29	6,34	2,3	2,19	17,33	20,86	14,2333	361,5038	NA		
299	RAN	Ran	70	70,151	70,173	F4	P027	A	70RANP027A	3	2	03.09.2016	0,1	3,35	6,19	2,25	2,08	16,98	18,78	13,40135	318,8844	NA		
166	RAN	Ran	70	70,151	70,173	F4	P027	B	70RANP027B	1	3	27.07.2016	0	3,08	6,99	2,62	2,57	19,83	22,37	18,13905	443,5971	NA		
51	RAN	Ran	70	70,151	70,173	F4	P027	B	70RANP027B	2	1	09.08.2016	0	2,32	5,8	2,21	2,08	17,1	17,34	12,441	296,514	NA		
179	RAN	Ran	70	70,151	70,173	F4	P027	B	70RANP027B	3	3	09.08.2016	0	2,52	6,61	2,71	2,53	18,6	19,65	17,3182	365,49	NA		
180	RAN	Ran	70	70,420	70,218	F4	P028	A	70RANP028A	1	1	25.07.2016	0	2,35	6,79	2,46	2,74	22,5	20,56	17,654	462,6	NA		
97	RAN	Ran	70	70,420	70,218	F4	P028	A	70RANP028A	2	2	25.07.2016	0	2,91	6,6	2,69	2,58	25,04	24,05	17,391	602,212	NA		
34	RAN	Ran	70	70,420	70,218	F4	P028	A	70RANP028A	3	1	05.08.2016	0	2,97	6,57	2,53	2,48	23,99	20,57	16,45785	493,4743	NA		
110	RAN	Ran	70	70,420	70,218	F4	P028	C	70RANP028C	1	1	27.07.2016	0	3,07	5,83	2,29	2,19	19,14	18,81	13,0592	360,0234	NA		
109	RAN	Ran	70	70,420	70,218	F4	P028	C	70RANP028C	2	1	29.07.2016	NA	3,29	6,58	2,54	2,38	22,07	20,87	16,1868	460,6009	NA		
94	RAN	Ran	70	70,420	70,218	F4	P028	C	70RANP028C	3	2	29.07.2016	0	3,4	6,4	2,5	2,54	20,46	19,85	16,128	406,131	NA		
140	RAN	Ran	70	70,347	70,174	F4	P030	A	70RANP030A	1	1	09.08.2016	0	3,12	6,97	3	2,64	20,19	19,52	19,6554	394,1088	NA		
48	RAN	Ran	70	70,347	70,174	F4	P030	A	70RANP030A	2	1	09.08.2016	0	3,52	5,95	2,54	2,34	17,88	17,89	14,518	319,8732	NA		
229	RAN	Ran	70	70,347	70,174	F4	P030	A	70RANP030A	3	1	24.08.2016	0	3,17	6,87	2,7	2,76	18,21	18,59	18,7551	338,5239	NA		
75	RAN	Ran	70	70,168	70,111	F4	P031	A	70RANP031A	1	1	25.07.2016	0	3,97	7,1	2,93	3,09	21,61	23,51	21,371	508,0511	NA		
282	RAN	Ran	70	70,168	70,111	F4	P031	A	70RANP031A	2	2	31.08.2016	0	4,51	6,68	2,55	2,83	21,07	23,45	17,9692	494,0915	NA		
293	RAN	Ran	70	70,168	70,111	F4	P031	A	70RANP031A	3	1	03.09.2016	0	3,94	7,44	3,16	3,13	20,85	22,23	23,3988	463,4955	NA		
88	RAN	Ran	70	70,168	70,111	F4	P031	B	70RANP031B	1	1	09.08.2016	0	3,44	7,68	3,21	3,24	21,33	21,95	24,768	468,1935	NA		
196	RAN	Ran	70	70,168	70,111	F4	P031	B	70RANP031B	2	2	09.08.2016	0	3,26	7,93	2,91	2,96	19,85	21,9	23,27455	434,715	NA		
270	RAN	Ran	70	70,168	70,111	F4	P031	B	70RANP031B	3	1	30.08.2016	0,1	4,16	7,95	3,29	3,18	22,57	24,6	25,71825	555,222	NA		
197	RAN	Ran	70	70,357	70,409	F4	P032	A	70RANP032A	1	1	22.07.2016	0	2,92	6,33	2,24	2,46	18,94	18,2	14,8755	344,708	NA		
186	RAN	Ran	70	70,357	70,409	F4	P032	A	70RANP032A	2	1	07.08.2016	0,62	2,58	5,19	1,84	1,82	16,98	16,61	9,4977	282,0378	NA		
125	RAN	Ran	70	70,357	70,409	F4	P032	A	70RANP032A	3	1	07.08.2016	0,63	2,59	5,85	2,14	1,86	17,88	16,81	11,7	300,5628	NA		
126	RAN	Ran	70	70,357	70,409	F4	P032	B	70RANP032B	1	2	19.07.2016	0	3,42	5,56	2,16	2,03	17,42	16,83	11,6482	293,1786	NA		
238	RAN	Ran	70	70,357	70,409	F4	P032	B	70RANP032B	2	1	28.08.2016	0	3,6	6,49	2,62	2,5	19,77	17,78	16,6144	351,5106	NA		
256	RAN	Ran	70	70,357	70,409	F4	P032	B	70RANP032B	2	1	29.08.2016	0	2,96	5,82	2,54	2,4	16,52	16,51	14,3754	272,7452	NA		
257	RAN	Ran	70	70,357	70,409	F4	P032	B	70RANP032B	3	1	29.08.2016	0,1	3,19	6,62	2,42	2,52	19,1	18,67	16,3514	356,597	NA		
150	RAN	Ran	70	70,390	70,268	F4	P033	B	70RANP033B	1	1	26.07.2016	0	3,51	6,91	2,68	2,84	21,99	22,87	19,0716	502,9113	NA		
127	RAN	Ran	70	70,390	70,268	F4	P033	B	70RANP033B	2	3	08.08.2016	0	4,22	7,79	3,05	2,8	20,65	21,66	22,78575	447,279	NA		
128	RAN	Ran	70	70,390	70,268	F4	P033	B	70RANP033B	3	1	23.08.2016	0,48	3,15	6,44	2,94	2,53	20,22	18,59	17,6134	375,8898	NA		
262	RAN	Ran	70	70,390	70,268	F4	P033	C	70RANP033C	1	1	29.08.2016	0	3,18	6,32	2,71	2,58	19,46	20,19	16,7164	392,8974	NA		
272	RAN	Ran	70	70,390	70,268	F4	P033	C	70RANP033C	2	2	30.08.2016	1,78	4,14	6,57	2,58	2,82	20,36	22,59	17,739	459,9324	NA		
286	RAN	Ran	70	70,390	70,268	F4	P033	C	70RANP033C	3	2	02.09.2016	0	3,93	6,82	2,5	2,71	19,19	21,58	17,7661	414,1202	NA		
129	RAN	Ran	70	70,193	70,063	F4	P034	A	70RANP034A	1	1	25.07.2016	0	3,02	5,96	2,35	2,4	18,34	17,04	14,155	312,5136	NA		
130	RAN	Ran	70	70,193	70,063	F4	P034	A	70RANP034A	2	1	29.07.2016	0,64	3,11	6,4	2,27	2,47	18,56	17,47	15,168	324,2432	NA		
131	RAN	Ran	70	70,193	70,063	F4	P034	A	70RANP034A	3	1	05.08.2016	0	3,34	6,5	2,64	2,53	17,71	16,95	16,8025	300,1845	NA		
132	RAN	Ran	70	70,193	70,063	F4	P034	B	70RANP034B	1	1	11.08.2016	0,2	3,11	6,78	2,73	2,69	16,77	17,54	18,3738	294,1458	NA		
133	RAN	Ran	70	70,193	70,063	F4	P034	B	70RANP034B	2	2	11.08.2016	0	3,53	8,36	3,03	2,95	21,36	21,47	24,9964	458,5992	NA		
258	RAN	Ran	70	70,193	70,063	F4	P034	B	70RANP034B	3	1	29.08.2016	1,27	3,22	6,38	2,44	2,52	19,32	17,64	15,8224	340,8048	NA		
177	RAN	Ran	70	70,410	70,023	F4	P035	A	70RANP035A	1	1	10.08.2016	0	3,54	6,59	2,82	2,41	19,77	19,65	17,23285	388,4805	NA		
264	RAN	Ran	70	70,410	70,023	F4	P035	A	70RANP035A	2	1	29.08.2016	1,98	3,36	6,26	2,22	2,32	19,3	17,11	14,2102	330,223	NA		
274	RAN	Ran	70	70,410	70,023	F4	P035	A	70RANP035A	3	2	31.08.2016	0	3,57	5,81	2,15	2,22	20,84	19,37	12,69485	403,6708	NA		
134	RAN	Ran	70	70,410	70,023	F4	P036	A	70RANP036A	1	2	26.07.2016	0	3,85	7,5	2,65	3,01	20,41	23,36	21,225	476,7776	NA		
176	RAN	Ran	70	70,410	70,023	F4	P036	A	70RANP036A	2	2	26.07.2016	0	3,55	6,22	2,31	2,7	19,58	19,89	15,5811	389,4462	NA		
135	RAN	Ran	70	70,410	70,023	F4	P036	A	70RANP036A	3	1	08.08.2016	0	3,11	7,57	2,55	2,74	18,25	19,02	20,02265	347,115	NA		
285	RAN	Ran	70	70,390	70,268	F4	P036	B	70RANP036B	1	2	02.09.2016	0	4,52	6,44	2,69	2,42	19,95	20,88	16,4542	416,556	NA		
302	RAN	Ran	70	70,390	70,268	F4	P036	B	70RANP036B	2	1	04.09.2016	0,1	3,71	6,11	2,42	2,3	17,65	17,78	14,4196	313,817	NA		
306	RAN	Ran	70	70,390	70,268	F4	P036	B	70RANP036B	3	3	06.09.2016	0	4,1	6,85	2,51	2,56	20,55	21,31	17,36475	437,9205	NA		
141	RAN	Ran	70	70,186	70,109	F4	P037	A	70RANP037A	1	1	21.07.2016	0	2,74	5,94	2,46	2,65	17,44	17,25	15,1767	300,84	NA		
136	RAN	Ran	70	70,186	70,109	F4	P037	A	70RANP037A	2	3	29.07.2016	0	3,18	6,62	2,41	3,03	20,16	20,59	18,0064	415,0944	NA		
137	RAN	Ran	70	70,186	70,109	F4	P037	A	70RANP037A	3	1	05.08.2016	0,6	2,51	5,61	2,31	2,35	14,55	16,52	13,0713	240,366	NA		
158	RAN	Ran	70	70,186	70,109	F4	P037	B	70RANP037B	1	1	21.07.2016	0,39	3,16	5,83	2,2	1,99	18,13	17,56	12,21385	318,3628	NA		
138	RAN	Ran	70	70,186	70,109	F4	P037	B	70RANP037B	2	1	28.07.2016	0	3,9	5,99	2,34	2,21	19,18	19,33	13,62725	370,7494	NA		
235	RAN	Ran	70	70,186	70,109	F4	P037	B	70RANP037B	3	1	28.08.2016	1,1	3,02	6,16	2,28	2,29	18,18	19,01	14,0756	345,6018	NA		
139	RAN	Ran	70	70,173	70,423	F4	P038	A	70RANP038A	1	2	20.07.2016	0,88	2,91	6,45	2,63	2,96	20,46	23,15	18,02775	473,649	NA		
172	RAN	Ran	70	70,173	70,423	F4	P038	A	70RANP038A	2	1	29.07.2016	0	2,81	6,2	2,65	2,52	18,63	19,73	16,027	367,5699	NA		
173	RAN	Ran	70	70,173	70,423	F4	P038	A	70RANP038A	3	3	09.08.2016	0	2,75	6,93	2,75	2,68	18,68	19,29	18,81495	360,3372	NA		
171	RAN	Ran	70	70,173	70,423	F4	P038	B	70RANP038B	1	2	29.07.2016	0	3,4	6,07	2,39	2,54	18,33	17,09	14,96255	313,2597	NA		
159	RAN	Ran	70	70,173	70,423	F4	P038	B	70RANP038B	2	1	09.08.2016	0	3,03	6,52	2,6	2,73	17,39	17,61	17,3758	306,2379	NA		
267	RAN	Ran	70	70,173	70,423	F4	P038	B	70RANP038B	3	1	30.08.2016	0	2,82	6,26	2,51	2,46	17,21	16,39	15,5561	282,0719	NA		
160	RAN	Ran	70	70,186	70,109	F4	P039	A	70RANP039A	1	1	28.07.2016	0	2,87	6,06	2,33	2,34	17,27	20,15	14,1501	347,9905	NA		
223	RAN	Ran	70	70,186	70,109	F4	P039	A	70RANP039A	2	1	24.08.2016	0	3,85	6,82	2,45	2,76	20,17	21,74	17,7661	438,4958	NA		
254	RAN	Ran	70	70,186	70,109	F4	P039	A	70RANP039A	3	1	29.08.2016	0	3,53	7,32	2,76	2,76	20,09	21,96	20,2032	441,1764	NA		
161	RAN	Ran	70	70,186	70,109	F4	P039	B	70RANP039B	1	1	08.08.2016	0	3,14	6,74	2,62	2,59	19,3	20,07	17,5577	387,351	NA		
200	RAN	Ran	70	70,186	70,109	F4	P039	B	70RANP039B	2	1	23.08.2016	0,86	3,14	4,88	1,79	1,62	17,41	16,57	8,3204	288,4837	NA		
255	RAN	Ran	70	70,186	70,109	F4	P039	B	70RANP039B	3	2	29.08.2016	0,88	3,06	5,09	1,92	1,84	18,43	18,67	9,5692	344,0881	NA		
201	RAN	Ran	70	70,357	70,439	F4	P040	A	70RANP040A	1	2	21.07.2016	1,16	3,18	4,67	1,87	1,69	15,86	13,97	8,3126	221,5642	NA		
202	RAN	Ran	70	70,357	70,439	F4	P040	A	70RANP040A	2	1	26.07.2016	0	2,98	7,23	2,44	2,54	21,64	21,62	18,0027	467,8568	NA		
203	RAN	Ran	70	70,357	70,439	F4	P040	A	70RANP040A	3	1	08.08.2016	0,1	2,94	5,02	1,74	1,93	18,66	15,78	9,2117	294,4548	NA		
204	RAN	Ran	70	70,217	70,168	F4	P041	A	70RANP041A	1	1	27.07.2016	0	3,15	6,06	2,32	2,43	17,87	16,84	14,3925	300,9308	NA		
218	RAN	Ran	70	70,217	70,168	F4	P041	A	70RANP041A	2	1	24.08.2016	0,23	3,25	6,11	2,65	2,75	17,45	17,13	16,497	298,9185	NA		
219	RAN	Ran	70	70,217	70,168	F4	P041	A	70RANP041A	3	1	24.08.2016	0	3,11	6,62	2,63	2,63	18,9	18,48	17,4106	349,272	NA		
205	RAN	Ran	70	70,217	70,168	F4	P041	C	70RANP041C	1	1	05.08.2016	0	3,29	7,4	3,11	3,02	21,84	23,29	22,681	508,6536	NA		
206	RAN	Ran	70	70,217	70,168	F4	P041	C	70RANP041C	2	1	09.08.2016	0	3,38	7,34	2,75	2,87	19,33	19,73	20,6254	381,3809	NA		
207	RAN	Ran	70	70,217	70,168	F4	P041	C	70RANP041C	3	1	09.08.2016	0	3,88	7,11	2,64	2,54	20,22	21,52	18,4149	435,1344	NA		
208	RAN	Ran	70	70,367	70,230	F4	P042	A	70RANP042A	1	2	09.08.2016	0	3,88	6,8	2,58	2,63	19,99	18,76	17,714	375,0124	NA		
217	RAN	Ran	70	70,367	70,230	F4	P042	A	70RANP042A	2	1	24.08.2016	0	3,07	7,15	2,6	2,79	18,17	16,56	19,26925	300,8952	NA		
244	RAN	Ran	70	70,367	70,230	F4	P042	A	70RANP042A	3	1	29.08.2016	0	2,69	6,72	2,41	2,59	17,33	16,91	16,8	293,0503	NA		
209	RAN	Ran	70	70,367	70,230	F4	P042	B	70RANP042B	1	1	09.08.2016	0	2,81	7,43	2,62	2,54	20,74	18,64	19,1694	386,5936	NA		
210	RAN	Ran	70	70,367	70,230	F4	P042	B	70RANP042B	2	1	09.08.2016	0	2,6	6,99	2,26	2,44	19,42	17,24	16,4265	334,8008	NA		
211	RAN	Ran	70	70,367	70,230	F4	P042	B	70RANP042B	3	1	09.08.2016	0,17	2,42	6,72	2,48	2,47	20,3	18,02	16,632	365,806	NA		
