Generation	numb	LINE	Line	pop	dam 	sire	Gener	ind	rep	ident	Bloss	no.bloss	date	asd	gad	gw	ghl	ghr	ubl	ubw	GA	UBA	SEL		
4	39	D	Down	51	3002B	3025A	F4	4001	C	51D4001C	1	1	29.05.2017	5,47	4,96	7,67	3,03	3,37	20,2	27,05	24,544	546,41	NA		
4	137	D	Down	51	3002B	3025A	F4	4001	C	51D4001C	2	1	28.06.2017	3,79	4,38	6,46	2,41	2,81	19,03	21,95	16,8606	417,7085	NA		
4	174	D	Down	51	3002B	3025A	F4	4001	C	51D4001C	3	1	06.07.2017	2,72	5,23	6,8	2,55	2,59	17,72	21,37	17,476	378,6764	NA		
4	122	D	Down	51	3002B	3025A	F4	4001	D	51D4001D	1	1	27.06.2017	3,65	5,19	7,7	3,07	3,18	20,48	24,7	24,0625	505,856	NA		
4	213	D	Down	51	3002B	3025A	F4	4001	D	51D4001D	2	1	25.07.2017	3,23	4,42	6,91	3,34	2,98	18,33	22,33	21,8356	409,3089	NA		
4	214	D	Down	51	3002B	3025A	F4	4001	D	51D4001D	3	2	25.07.2017	2,78	5,83	7,64	2,94	3,04	18,12	24,35	22,8436	441,222	NA		
4	50	D	Down	51	3002B	3033B	F4	4002	B	51D4002B	1	1	30.05.2017	2,96	4,22	5,94	2,01	1,79	18,14	21,61	11,286	392,0054	NA		
4	88	D	Down	51	3002B	3033B	F4	4002	B	51D4002B	2	1	20.06.2017	1,49	5,49	7,37	3,36	3,34	20,82	25,22	24,6895	525,0804	NA		
4	157	D	Down	51	3002B	3033B	F4	4002	B	51D4002B	3	1	03.07.2017	2,85	4,66	6,68	2,56	2,58	21,2	22,45	17,1676	475,94	NA		
4	92	D	Down	51	3002B	3033B	F4	4002	A	51D4002A	1	1	21.06.2017	2,86	5,23	7,81	3,54	3,5	21,5	24,1	27,4912	518,15	NA		
4	93	D	Down	51	3002B	3033B	F4	4002	A	51D4002A	2	1	21.06.2017	4,03	4,71	7,01	2,8	2,78	20,15	22,22	19,5579	447,733	NA		
4	160	D	Down	51	3002B	3033B	F4	4002	A	51D4002A	3	1	03.07.2017	3,78	5,18	7,8	3,16	3,2	18,38	21,02	24,804	386,3476	NA		
4	165	D	Down	51	3002B	3052B	F4	4003	D	51D4003D	1	1	03.07.2017	4,81	4,82	7,13	2,71	2,81	20,53	24,67	19,6788	506,4751	NA		
4	166	D	Down	51	3002B	3052B	F4	4003	D	51D4003D	2	1	03.07.2017	4,22	4,67	8,16	2,95	2,87	20,18	25,23	23,7456	509,1414	NA		
4	215	D	Down	51	3002B	3052B	F4	4003	D	51D4003D	3	1	25.07.2017	2,76	4,81	7,59	3,07	2,96	19,41	21,71	22,88385	421,3911	NA		
4	22	D	Down	51	3002B	3057B	F4	4004	A	51D4004A	1	1	25.05.2017	2,21	4,73	5,68	1,75	1,57	18,55	21,96	9,4288	407,358	NA		
4	23	D	Down	51	3002B	3057B	F4	4004	A	51D4004A	2	1	25.05.2017	1,9	5,03	7,42	2,98	2,6	18,35	22,92	20,7018	420,582	NA		
4	118	D	Down	51	3002B	3057B	F4	4004	A	51D4004A	3	1	26.06.2017	2,5	4,61	6,99	2,65	2,71	20,18	21,85	18,7332	440,933	NA		
4	138	D	Down	51	3003B	3032B	F4	4005	D	51D4005D	1	1	30.06.2017	3,16	4,42	5,92	1,91	1,62	21,7	20,52	10,4488	445,284	NA		
4	139	D	Down	51	3003B	3032B	F4	4005	D	51D4005D	2	1	30.06.2017	1,15	4,94	6,51	2,92	2,85	20,09	23,24	18,78135	466,8916	NA		
4	140	D	Down	51	3003B	3032B	F4	4005	D	51D4005D	3	1	30.06.2017	2,34	4,85	6,38	3	2,86	19,38	23,29	18,6934	451,3602	NA		
4	24	D	Down	51	3003B	3033B	F4	4006	C	51D4006C	1	1	25.05.2017	3,25	5,41	6,46	2,12	2,95	17,27	20,2	16,3761	348,854	NA		
4	40	D	Down	51	3003B	3033B	F4	4006	C	51D4006C	2	1	29.05.2017	3,38	4,76	6,73	2,6	2,6	21,3	22,09	17,498	470,517	NA		
4	127	D	Down	51	3003B	3033B	F4	4006	C	51D4006C	3	1	27.06.2017	2,74	5,32	5,96	2,32	2,06	19,82	21,07	13,0524	417,6074	NA		
4	128	D	Down	51	3003B	3033B	F4	4006	A	51D4006A	1	2	27.06.2017	6,43	5,89	7,92	3,55	3,6	25,57	26,67	28,314	681,9519	NA		
4	129	D	Down	51	3003B	3033B	F4	4006	A	51D4006A	2	2	27.06.2017	4,23	5,03	7,05	3	2,88	24,15	26,14	20,727	631,281	NA		
4	201	D	Down	51	3003B	3033B	F4	4006	A	51D4006A	3	1	23.07.2017	3,25	5,18	7,72	3,45	3,14	21,26	24,6	25,4374	522,996	NA		
4	37	D	Down	51	3003B	3063A	F4	4007	C	51D4007C	1	1	26.05.2017	2,83	5,4	7,82	2,93	3,19	22,05	25,18	23,9292	555,219	NA		
4	54	D	Down	51	3003B	3063A	F4	4007	C	51D4007C	2	1	05.06.2017	2,86	4,36	6,54	2,75	2,9	19,98	23,93	18,4755	478,1214	NA		
4	55	D	Down	51	3003B	3063A	F4	4007	C	51D4007C	3	1	05.06.2017	3,8	4,55	6,5	2,24	2,5	20,23	22,34	15,405	451,9382	NA		
4	1	D	Down	51	3003B	3064B	F4	4008	B	51D4008B	1	1	23.05.2017	1,7	4,25	6,13	2,03	1,98	20,17	22,51	12,29065	454,0267	NA		
4	13	D	Down	51	3003B	3064B	F4	4008	B	51D4008B	2	1	24.05.2017	1,8	3,92	6,33	2,12	2,14	19,81	22,37	13,4829	443,1497	NA		
4	14	D	Down	51	3003B	3064B	F4	4008	B	51D4008B	3	1	24.05.2017	2,58	4,37	5,85	1,79	1,83	22,03	24,48	10,5885	539,2944	NA		
4	52	D	Down	51	3003B	3064B	F4	4008	C	51D4008C	1	1	05.06.2017	3,5	4,65	7,09	2,47	2,78	22,56	24,78	18,61125	559,0368	NA		
4	155	D	Down	51	3003B	3064B	F4	4008	C	51D4008C	2	2	02.07.2017	2,56	NA	7,42	3,18	2,53	19,94	23,76	21,1841	473,7744	NA		
4	232	D	Down	51	3003B	3064B	F4	4008	C	51D4008C	3	1	15.08.2017	3,4	4,09	6,64	2,09	2,3	18,46	21,65	14,5748	399,659	NA		
4	62	D	Down	51	3004A	3025A	F4	4009	C	51D4009C	1	1	06.06.2017	3,31	4,94	6,36	2,46	2,35	15,71	19,57	15,2958	307,4447	NA		
4	81	D	Down	51	3004A	3025A	F4	4009	C	51D4009C	2	1	17.06.2017	3	5,84	7,22	2,89	3,12	17,44	21,04	21,6961	366,9376	NA		
4	82	D	Down	51	3004A	3025A	F4	4009	C	51D4009C	3	2	17.06.2017	3,95	6,03	6,88	2,93	2,94	19,8	24,17	20,1928	478,566	NA		
4	78	D	Down	51	3004A	3025A	F4	4009	D	51D4009D	1	1	17.06.2017	2,2	5,19	6,62	2,36	2,24	17,04	20,79	15,226	354,2616	NA		
4	159	D	Down	51	3004A	3025A	F4	4009	D	51D4009D	2	1	07.07.2017	4,42	4,7	6,89	2,78	2,74	19,3	22,98	19,0164	443,514	NA		
4	196	D	Down	51	3004A	3025A	F4	4009	D	51D4009D	3	3	23.07.2017	4,26	5,81	6,39	2,21	2,19	16,44	20,19	14,058	331,9236	NA		
4	71	D	Down	51	3004A	3043B	F4	4010	C	51D4010C	1	1	13.06.2017	2,82	5,77	6,58	2,22	1,9	22	25,24	13,5548	555,28	NA		
4	134	D	Down	51	3004A	3043B	F4	4010	C	51D4010C	2	1	28.06.2017	3,05	4,58	6,61	2,58	2,47	17,7	20,15	16,69025	356,655	NA		
4	135	D	Down	51	3004A	3043B	F4	4010	C	51D4010C	3	1	28.06.2017	2,74	5,12	6,94	2,03	2,74	19,9	21,75	16,5519	432,825	NA		
4	11	D	Down	51	3004A	3063A	F4	4011	A	51D4011A	1	1	24.05.2017	3,93	4,77	7,86	3,04	3,35	19,71	23,96	25,1127	472,2516	NA		
4	79	D	Down	51	3004A	3063A	F4	4011	A	51D4011A	2	1	17.06.2017	2,84	5,08	7,04	2,7	2,87	20,77	26,7	19,6064	554,559	NA		
4	80	D	Down	51	3004A	3063A	F4	4011	A	51D4011A	3	1	17.06.2017	2,09	4,71	8,68	3,68	3,61	21,74	27,61	31,6386	600,2414	NA		
4	33	D	Down	51	3004A	3063A	F4	4011	B	51D4011B	1	1	26.05.2017	4,97	4,63	7,24	2,69	3,06	23,01	26,41	20,815	607,6941	NA		
4	96	D	Down	51	3004A	3063A	F4	4011	B	51D4011B	2	1	23.06.2017	1,06	5,85	6,74	2,56	2,59	19,8	22,97	17,3555	454,806	NA		
4	97	D	Down	51	3004A	3063A	F4	4011	B	51D4011B	3	1	23.06.2017	1,05	4,92	6,37	2,66	2,69	20,74	24,1	17,03975	499,834	NA		
4	172	D	Down	51	3004A	3064B	F4	4012	B	51D4012B	1	1	06.07.2017	3,13	5,56	5,98	1,84	2,08	20,38	21,97	11,7208	447,7486	NA		
4	132	D	Down	51	3017A	3035A	F4	4013	D	51D4013D	1	1	27.06.2017	1,86	5,59	7,35	3,18	3,01	20,87	25,19	22,74825	525,7153	NA		
4	167	D	Down	51	3017A	3035A	F4	4013	D	51D4013D	2	1	03.07.2017	2,44	4,85	5,95	2,06	2,37	18,06	22,69	13,17925	409,7814	NA		
4	207	D	Down	51	3017A	3035A	F4	4013	D	51D4013D	3	2	24.07.2017	3,98	3,92	5,41	1,48	1,54	18,2	20,15	8,1691	366,73	NA		
4	70	D	Down	51	3017A	3043B	F4	4014	D	51D4014D	1	1	12.06.2017	2,79	5,07	6,52	2,35	2,8	22,31	27,19	16,789	606,6089	NA		
4	113	D	Down	51	3017A	3043B	F4	4014	D	51D4014D	2	1	26.06.2017	2,73	5,05	6,72	2,82	2,66	22,99	25,44	18,4128	584,8656	NA		
4	200	D	Down	51	3017A	3043B	F4	4014	D	51D4014D	3	1	23.07.2017	4,02	4,88	7,67	3,02	3,34	20,32	24,33	24,3906	494,3856	NA		
4	116	D	Down	51	3017A	3043B	F4	4014	B	51D4014B	1	1	26.06.2017	2,65	5,4	7,21	3,05	3,27	16,59	21,16	22,7836	351,0444	NA		
4	117	D	Down	51	3017A	3043B	F4	4014	B	51D4014B	2	1	26.06.2017	2,3	5,38	7,47	3,14	3,35	20,24	23,21	24,24015	469,7704	NA		
4	124	D	Down	51	3017A	3043B	F4	4014	B	51D4014B	3	1	27.06.2017	3,17	5,46	7,94	3,16	3,51	20,19	25,21	26,4799	508,9899	NA		
4	41	D	Down	51	3017A	3046A	F4	4015	B	51D4015B	1	1	30.05.2017	2,23	5,37	7,9	3,13	3,28	18,96	22,54	25,3195	427,3584	NA		
4	65	D	Down	51	3017A	3046A	F4	4015	B	51D4015B	2	1	12.06.2017	2,78	5,16	7,25	3,18	3	20,81	23,88	22,4025	496,9428	NA		
4	111	D	Down	51	3017A	3046A	F4	4015	B	51D4015B	3	1	26.06.2017	2,76	5,56	8,19	3,21	3,39	19,15	22,38	27,027	428,577	NA		
4	126	D	Down	51	3017A	3064B	F4	4016	C	51D4016C	1	2	27.06.2017	2,68	4,67	7,45	2,75	3,03	23,02	27,07	21,5305	623,1514	NA		
4	170	D	Down	51	3017A	3064B	F4	4016	C	51D4016C	2	1	06.07.2017	0,45	4,65	7,12	2,68	2,96	16,56	21,08	20,0784	349,0848	NA		
4	171	D	Down	51	3017A	3064B	F4	4016	C	51D4016C	3	1	06.07.2017	0,58	4,65	7,15	2,69	2,75	17,44	20,28	19,448	353,6832	NA		
4	218	D	Down	51	3017A	3064B	F4	4016	D	51D4016D	1	1	25.07.2017	2,11	4,73	6,72	2,29	2,81	16,8	20,41	17,136	342,888	NA		
4	219	D	Down	51	3017A	3064B	F4	4016	D	51D4016D	2	2	25.07.2017	2,43	4,94	7,5	2,84	2,71	20,03	24,21	20,8125	484,9263	NA		
4	221	D	Down	51	3017A	3064B	F4	4016	D	51D4016D	3	3	26.07.2017	4,87	5,06	7,38	2,65	2,57	19,71	25,93	19,2618	511,0803	NA		
4	121	D	Down	51	3022A	3002B	F4	4017	A	51D4017A	1	1	27.06.2017	2,7	5,47	7,52	3,3	3,22	20,36	24,04	24,5152	489,4544	NA		
4	173	D	Down	51	3022A	3002B	F4	4017	A	51D4017A	2	1	06.07.2017	2,87	5,71	7,01	2,49	3,04	17,75	20,16	19,38265	357,84	NA		
4	186	D	Down	51	3022A	3002B	F4	4017	A	51D4017A	3	1	07.07.2017	3,28	5,03	7,57	3,11	3,29	18,33	21,79	24,224	399,4107	NA		
4	83	D	Down	51	3022A	3003B	F4	4018	B	51D4018B	1	1	17.06.2017	2,72	5,1	7,44	3,2	3,1	21,87	24,33	23,436	532,0971	NA		
4	157	D	Down	51	3022A	3003B	F4	4018	B	51D4018B	2	1	07.07.2017	3,36	5,07	7,04	3,04	2,83	19,5	23,42	20,6624	456,69	NA		
4	158	D	Down	51	3022A	3003B	F4	4018	B	51D4018B	3	1	07.07.2017	3,16	5,22	6,57	2,52	2,58	19,56	21,9	16,7535	428,364	NA		
4	225	D	Down	51	3022A	3003B	F4	4018	D	51D4018D	1	1	26.07.2017	2,62	5,42	6,35	2,56	2,57	18,02	19,81	16,28775	356,9762	NA		
4	226	D	Down	51	3022A	3003B	F4	4018	D	51D4018D	2	1	26.07.2017	3,61	6,08	8,8	3,81	3,66	20,39	24,84	32,868	506,4876	NA		
4	227	D	Down	51	3022A	3003B	F4	4018	D	51D4018D	3	1	26.07.2017	3,47	5,59	7,73	3,08	2,91	18,01	22,2	23,15135	399,822	NA		
4	63	D	Down	51	3022A	3004A	F4	4019	D	51D4019D	1	1	06.06.2017	2,2	5,26	8,72	3,13	3,08	20,67	24,37	27,0756	503,7279	NA		
4	64	D	Down	51	3022A	3004A	F4	4019	D	51D4019D	2	1	06.06.2017	1,39	4,97	6,73	3,12	3,16	20,39	22,43	21,1322	457,3477	NA		
4	76	D	Down	51	3022A	3004A	F4	4019	D	51D4019D	3	1	15.06.2017	2,41	4,65	7,52	2,76	2,86	19,21	22,16	21,1312	425,6936	NA		
4	106	D	Down	51	3022A	3035A	F4	4020	B	51D4020B	1	1	23.06.2017	3,84	5,19	7,34	3,11	3,12	18,63	23,64	22,8641	440,4132	NA		
4	154	D	Down	51	3022A	3035A	F4	4020	B	51D4020B	2	1	02.07.2017	3,26	4,68	7,48	2,85	3,16	18,18	25,2	22,4774	458,136	NA		
4	162	D	Down	51	3022A	3035A	F4	4020	B	51D4020B	3	2	03.07.2017	4,1	4,52	6,91	2,96	2,91	19,61	22,98	20,28085	450,6378	NA		
4	188	D	Down	51	3025A	3003B	F4	4021	A	51D4021A	1	1	09.07.2017	3,85	4,41	5,78	1,82	1,96	18,61	20,73	10,9242	385,7853	NA		
4	189	D	Down	51	3025A	3003B	F4	4021	A	51D4021A	2	1	09.07.2017	3,6	4,92	6,1	2,16	2,4	19,02	22,13	13,908	420,9126	NA		
4	190	D	Down	51	3025A	3003B	F4	4021	A	51D4021A	3	2	09.07.2017	4,27	5,04	6,82	2,49	2,68	17,68	21,57	17,6297	381,3576	NA		
4	18	D	Down	51	3025A	3017A	F4	4022	C	51D4022C	1	1	25.05.2017	3,63	4,73	6,1	2,38	2,56	19,87	25,35	15,067	503,7045	NA		
4	235	D	Down	51	3025A	3017A	F4	4022	C	51D4022C	2	1	09.07.2017	2,92	5,88	6,94	2,65	2,62	15,77	18,22	18,2869	287,3294	NA		
4	236	D	Down	51	3025A	3017A	F4	4022	C	51D4022C	3	1	09.07.2017	2,95	5,59	6,56	2,87	2,68	16,38	20,54	18,204	336,4452	NA		
4	10	D	Down	51	3025A	3063A	F4	4023	C	51D4023C	1	1	24.05.2017	1,65	4,96	7,35	2,97	3,02	20,54	24,71	22,01325	507,5434	NA		
4	146	D	Down	51	3025A	3063A	F4	4023	C	51D4023C	2	1	30.06.2017	3,35	4,07	5,74	2,3	2,36	16,58	18,26	13,3742	302,7508	NA		
4	180	D	Down	51	3025A	3063A	F4	4023	C	51D4023C	3	1	07.07.2017	3,37	5,16	7,52	3,17	3,13	18,58	22,43	23,688	416,7494	NA		
4	222	D	Down	51	3025A	3063A	F4	4023	D	51D4023D	1	1	26.07.2017	2,64	4,93	6,84	3,03	2,98	16,96	21,05	20,5542	357,008	NA		
4	223	D	Down	51	3025A	3063A	F4	4023	D	51D4023D	2	1	26.07.2017	2,23	6,05	8,19	3,54	3,59	18,46	22,9	29,19735	422,734	NA		
4	224	D	Down	51	3025A	3063A	F4	4023	D	51D4023D	3	1	26.07.2017	4,07	5,29	7,17	2,94	3,48	18,44	23,45	23,0157	432,418	NA		
4	68	D	Down	51	3029A	3022A	F4	4025	C	51D4025C	1	1	12.06.2017	3,35	6,38	7,18	3,09	3,23	21,08	23,94	22,6888	504,6552	NA		
4	133	D	Down	51	3029A	3022A	F4	4025	C	51D4025C	2	1	27.06.2017	3,68	5,03	7,75	3,24	3,07	20,47	24,69	24,45125	505,4043	NA		
4	134	D	Down	51	3029A	3022A	F4	4025	C	51D4025C	3	1	27.06.2017	1,97	6	7,98	3,41	3,42	20,4	23,38	27,2517	476,952	NA		
4	103	D	Down	51	3029A	3025A	F4	4026	B	51D4026B	1	1	23.06.2017	1,94	4,61	6,72	2,85	3,12	19,49	22,98	20,0592	447,8802	NA		
4	163	D	Down	51	3029A	3025A	F4	4026	B	51D4026B	2	1	03.07.2017	4,53	5,29	6,47	2,68	2,78	17,22	20,42	17,6631	351,6324	NA		
4	203	D	Down	51	3029A	3025A	F4	4026	B	51D4026B	3	1	24.07.2017	4,57	5,48	7,04	3,14	3	19,46	22	21,6128	428,12	NA		
4	39	D	Down	51	3029A	3046A	F4	4027	D	51D4027D	1	1	26.05.2017	2,52	4,88	7,61	3,42	3,3	20,6	24,37	25,5696	502,022	NA		
4	57	D	Down	51	3029A	3046A	F4	4027	D	51D4027D	2	1	05.06.2017	2,19	5,78	6,57	2,4	2,39	18,22	21,65	15,73515	394,463	NA		
4	151	D	Down	51	3029A	3046A	F4	4027	D	51D4027D	3	1	02.07.2017	1,27	2,99	6,64	2,78	2,87	17,37	21,66	18,758	376,2342	NA		
4	86	D	Down	51	3032B	3002B	F4	4029	B	51D4029B	1	1	20.06.2017	3,26	4,96	7,51	3,88	3,23	22,92	27,06	26,69805	620,2152	NA		
4	159	D	Down	51	3032B	3002B	F4	4029	B	51D4029B	2	1	03.07.2017	3,58	4,62	6,74	2,92	2,91	17,89	20,21	19,6471	361,5569	NA		
4	184	D	Down	51	3032B	3002B	F4	4029	B	51D4029B	3	1	07.07.2017	2,53	5	7,54	3,74	3,18	19,54	24,53	26,0884	479,3162	NA		
4	4	D	Down	51	3032B	3004A	F4	4030	B	51D4030B	1	1	24.05.2017	2,09	4,19	5,85	2,14	2,38	18,72	23,09	13,221	432,2448	NA		
4	26	D	Down	51	3032B	3004A	F4	4030	B	51D4030B	2	1	26.05.2017	2,36	5,12	6,92	2,61	2,65	19,94	22,39	18,1996	446,4566	NA		
4	158	D	Down	51	3032B	3004A	F4	4030	B	51D4030B	3	1	03.07.2017	1,55	4,98	7,32	2,79	2,53	16,22	20,8	19,4712	337,376	NA		
4	74	D	Down	51	3032B	3004A	F4	4030	D	51D4030D	1	1	15.06.2017	2,45	5,03	6,93	2,35	2,32	21,13	23,03	16,18155	486,6239	NA		
4	144	D	Down	51	3032B	3004A	F4	4030	D	51D4030D	2	1	30.06.2017	1,79	4,91	6,69	2,62	2,68	18,81	20,6	17,7285	387,486	NA		
4	145	D	Down	51	3032B	3004A	F4	4030	D	51D4030D	3	1	30.06.2017	2,14	4,44	6,36	2,15	2,44	19,44	21,59	14,5962	419,7096	NA		
4	42	D	Down	51	3032B	3022A	F4	4031	A	51D4031A	1	1	30.05.2017	2,92	4,63	6,78	2,69	2,93	21,29	24,39	19,0518	519,2631	NA		
4	43	D	Down	51	3032B	3022A	F4	4031	A	51D4031A	2	1	30.05.2017	2,25	4,95	6,45	2,66	2,53	21,9	24,73	16,73775	541,587	NA		
4	84	D	Down	51	3032B	3022A	F4	4031	A	51D4031A	3	1	20.06.2017	2,26	5,42	8,57	3,13	3,96	19,95	24,96	30,38065	497,952	NA		
4	2	D	Down	51	3032B	3063A	F4	4032	B	51D4032B	1	1	23.07.2017	2,75	3,76	7,08	2,38	2,47	18	19,91	17,169	358,38	NA		
4	3	D	Down	51	3032B	3063A	F4	4032	B	51D4032B	2	1	23.07.2017	3,19	3,49	7,48	2,75	2,66	19,47	22,65	20,2334	440,9955	NA		
4	210	D	Down	51	3032B	3063A	F4	4032	B	51D4032B	3	1	25.07.2017	2,79	4,23	6,2	2,32	1,78	15,07	15,69	12,71	236,4483	NA		
4	8	D	Down	51	3032B	3063A	F4	4032	C	51D4032C	1	1	24.05.2017	2,49	3,96	6,48	2,19	2,15	17,79	22,6	14,0616	402,054	NA		
4	34	D	Down	51	3032B	3063A	F4	4032	C	51D4032C	2	1	26.05.2017	1,15	4,24	5,69	2,28	2,63	18,45	21	13,96895	387,45	NA		
4	164	D	Down	51	3032B	3063A	F4	4032	C	51D4032C	3	1	03.07.2017	1,09	4,44	7,16	3,14	2,75	18,89	22,2	21,0862	419,358	NA		
4	114	D	Down	51	3033B	3004A	F4	4033	C	51D4033C	1	1	26.06.2017	2,14	4,96	6,9	2,69	2,86	17,73	20,72	19,1475	367,3656	NA		
4	115	D	Down	51	3033B	3004A	F4	4033	C	51D4033C	2	1	26.06.2017	1,92	5,65	6,86	2,87	2,91	19,17	21,34	19,8254	409,0878	NA		
4	125	D	Down	51	3033B	3004A	F4	4033	C	51D4033C	3	1	27.06.2017	2,64	5,4	7,17	2,66	2,54	19,09	21,92	18,642	418,4528	NA		
4	9	D	Down	51	3033B	3017A	F4	4034	D	51D4034D	1	1	24.05.2017	3,27	5,52	8,38	3,88	3,65	22,66	26,62	31,5507	603,2092	NA		
4	206	D	Down	51	3033B	3017A	F4	4034	D	51D4034D	2	1	24.07.2017	2,82	4,55	6,8	2,87	3,03	18,15	22,13	20,06	401,6595	NA		
4	212	D	Down	51	3033B	3017A	F4	4034	D	51D4034D	3	1	25.07.2017	4,68	4,96	8,65	3,63	4,01	19,84	23,95	33,043	475,168	NA		
4	44	D	Down	51	3033B	3017A	F4	4034	A	51D4034A	1	1	30.05.2017	2,72	4,67	6,1	2,55	2,85	20,22	21,9	16,47	442,818	NA		
4	45	D	Down	51	3033B	3017A	F4	4034	A	51D4034A	2	1	30.05.2017	2,62	4,65	6,15	2,42	2,6	18,56	20,37	15,4365	378,0672	NA		
4	85	D	Down	51	3033B	3017A	F4	4034	A	51D4034A	3	1	20.06.2017	3,1	3,46	5,19	2,08	2,09	15,16	16,64	10,82115	252,2624	NA		
4	237	D	Down	51	3033B	3029A	F4	4035	C	51D4035C	1	1	09.07.2017	2,68	6,1	5,71	2,15	2	21,52	23,39	11,84825	503,3528	NA		
4	238	D	Down	51	3033B	3029A	F4	4035	C	51D4035C	2	1	09.07.2017	2,73	6,35	6,77	2,4	2,52	22,61	24,42	16,6542	552,1362	NA		
4	211	D	Down	51	3033B	3029A	F4	4035	C	51D4035C	3	1	25.07.2017	3	4,98	6,41	2,6	2,42	18,64	20,43	16,0891	380,8152	NA		
4	7	D	Down	51	3033B	3032B	F4	4036	D	51D4036D	1	1	24.05.2017	3,24	5,07	7,97	3,13	4,24	20,28	22,64	29,36945	459,1392	NA		
4	60	D	Down	51	3033B	3032B	F4	4036	D	51D4036D	2	1	05.06.2017	2,71	4,86	5,84	2,24	2,43	21,25	24,07	13,6364	511,4875	NA		
4	104	D	Down	51	3033B	3032B	F4	4036	D	51D4036D	3	1	23.06.2017	3,11	4,24	7,08	2,52	2,64	18,17	19,88	18,2664	361,2196	NA		
4	101	D	Down	51	3033B	3032B	F4	4036	B	51D4036B	1	1	23.06.2017	3,34	5,11	6,7	2,33	2,65	21,36	25,95	16,683	554,292	NA		
4	102	D	Down	51	3033B	3032B	F4	4036	B	51D4036B	2	1	23.06.2017	1,82	4,98	6,47	2,14	2,46	19,07	22,33	14,881	425,8331	NA		
4	235	D	Down	51	3033B	3032B	F4	4036	B	51D4036B	3	2	17.08.2017	2,56	4,44	6,12	2,54	2,63	19,8	22,61	15,8202	447,678	NA		
4	27	D	Down	51	3035A	3002B	F4	4037	C	51D4037C	1	1	26.05.2017	3,51	4,97	7,52	2,83	2,98	21,78	28,51	21,8456	620,9478	NA		
4	47	D	Down	51	3035A	3002B	F4	4037	C	51D4037C	2	1	30.05.2017	2,9	5,02	6,84	2,38	2,95	22,73	27,31	18,2286	620,7563	NA		
4	185	D	Down	51	3035A	3002B	F4	4037	C	51D4037C	3	1	07.07.2017	2,55	5,65	7,51	3,11	2,98	21,75	26,69	22,86795	580,5075	NA		
4	30	D	Down	51	3035A	3002B	F4	4037	A	51D4037A	1	1	26.05.2017	3,01	5,46	7,6	2,81	3,03	19,54	23,48	22,192	458,7992	NA		
4	31	D	Down	51	3035A	3002B	F4	4037	A	51D4037A	2	1	26.05.2017	4,34	4,72	7,63	3,51	3,69	19,98	24,1	27,468	481,518	NA		
4	51	D	Down	51	3035A	3002B	F4	4037	A	51D4037A	3	1	05.06.2017	3,65	5,48	7,88	3,53	3,2	20,2	22,6	26,5162	456,52	NA		
4	20	D	Down	51	3035A	3004A	F4	4038	C	51D4038C	1	1	25.05.2017	2,63	5,4	6,85	2,93	2,81	20,05	23,45	19,6595	470,1725	NA		
4	119	D	Down	51	3035A	3004A	F4	4038	C	51D4038C	2	1	27.06.2017	3,71	4,21	7,73	2,8	2,87	18,82	21,7	21,91455	408,394	NA		
4	216	D	Down	51	3035A	3004A	F4	4038	C	51D4038C	3	1	25.07.2017	3,32	5,23	8,1	3,12	3,02	18,05	22,47	24,867	405,5835	NA		
4	123	D	Down	51	3035A	3004A	F4	4038	D	51D4038D	1	1	27.06.2017	2,42	5,65	7,47	2,91	3,01	20,68	26,18	22,1112	541,4024	NA		
4	230	D	Down	51	3035A	3004A	F4	4038	D	51D4038D	2	1	14.08.2017	2,37	5,34	7,55	3,73	3,41	19,17	23,19	26,9535	444,5523	NA		
4	233	D	Down	51	3035A	3004A	F4	4038	D	51D4038D	3	3	17.08.2017	1,5	5,1	7,32	2,87	2,89	19,66	24,03	21,0816	472,4298	NA		
4	25	D	Down	51	3035A	3029A	F4	4039	A	51D4039A	1	1	25.05.2017	3,88	4,11	6,63	2,06	1,97	18,84	22,34	13,35945	420,8856	NA		
4	112	D	Down	51	3035A	3029A	F4	4039	A	51D4039A	2	2	26.06.2017	3,6	5,52	7,78	3,36	3,47	20,94	25,22	26,5687	528,1068	NA		
4	131	D	Down	51	3035A	3029A	F4	4039	A	51D4039A	3	1	27.06.2017	3,35	4,96	7,3	2,56	2,72	17,78	21,1	19,272	375,158	NA		
4	21	D	Down	51	3035A	3057B	F4	4040	C	51D4040C	1	1	25.05.2017	1,71	5,5	6,4	2,49	2,92	18,96	23,35	17,312	442,716	NA		
4	199	D	Down	51	3035A	3057B	F4	4040	C	51D4040C	2	1	23.07.2017	2,38	4,47	7,24	3,05	2,95	18,74	21,85	21,72	409,469	NA		
4	217	D	Down	51	3035A	3057B	F4	4040	C	51D4040C	3	1	25.07.2017	4,04	4,83	7,72	3,16	3	18,8	24,1	23,7776	453,08	NA		
4	19	D	Down	51	3043B	3002B	F4	4041	D	51D4041D	1	1	25.05.2017	2,94	4,33	5,53	1,64	1,61	18,33	18,27	8,98625	334,8891	NA		
4	120	D	Down	51	3043B	3002B	F4	4041	D	51D4041D	2	1	27.06.2017	2,92	4,96	7,5	3,07	2,77	19,54	21,67	21,9	423,4318	NA		
4	198	D	Down	51	3043B	3002B	F4	4041	D	51D4041D	3	1	23.07.2017	3,45	4,26	7,02	2,72	2,34	17,12	19,51	17,7606	334,0112	NA		
4	94	D	Down	51	3043B	3029A	F4	4042	B	51D4042B	1	1	23.06.2017	3,9	4,88	7,22	2,81	3,02	20,07	25,14	21,0463	504,5598	NA		
4	95	D	Down	51	3043B	3029A	F4	4042	B	51D4042B	2	1	23.06.2017	2,86	4,96	5,11	1,73	1,93	19,83	21,36	9,3513	423,5688	NA		
4	149	D	Down	51	3043B	3029A	F4	4042	B	51D4042B	3	1	02.07.2017	2,67	3,8	6,18	2,76	2,71	17,7	20,79	16,9023	367,983	NA		
4	72	D	Down	51	3043B	3052B	F4	4043	B	51D4043B	1	1	13.06.2017	2,38	5,47	8,13	3,15	3,29	22,13	24,93	26,1786	551,7009	NA		
4	136	D	Down	51	3043B	3052B	F4	4043	B	51D4043B	2	1	28.06.2017	3,13	5,43	6,64	2,44	2,57	23,27	25,74	16,6332	598,9698	NA		
4	142	D	Down	51	3043B	3052B	F4	4043	B	51D4043B	3	1	30.06.2017	2,26	4,74	7,84	3,07	3,06	18,59	25,53	24,0296	474,6027	NA		
4	5	D	Down	51	3043B	3057B	F4	4044	D	51D4044D	1	1	24.05.2017	3,31	5,05	7,64	3,11	3,15	23,07	25,37	23,9132	585,2859	NA		
4	32	D	Down	51	3043B	3057B	F4	4044	D	51D4044D	2	2	26.05.2017	3,19	4,55	7,99	3,42	3,22	22,87	27,22	26,5268	622,5214	NA		
4	NA	D	Down	51	3043B	3057B	F4	4044	D	51D4044D	3	NA	NA	NA	NA	NA	NA	NA	NA	NA	NA	NA	NA		
4	12	D	Down	51	3043B	3057B	F4	4044	B	51D4044B	1	1	24.05.2017	2,16	5,18	6,19	2,79	2,79	20,94	21,63	17,2701	452,9322	NA		
4	77	D	Down	51	3043B	3057B	F4	4044	B	51D4044B	2	1	17.06.2017	1,31	5,96	6,87	2,77	2,58	21,55	23,15	18,37725	498,8825	NA		
4	148	D	Down	51	3043B	3057B	F4	4044	B	51D4044B	3	1	30.06.2017	2,18	5,07	6,78	2,77	2,85	19,44	21,33	19,0518	414,6552	NA		
4	66	D	Down	51	3046A	3003B	F4	4045	D	51D4045D	1	1	12.06.2017	2,94	4,92	6,35	1,37	1,82	21,48	24,68	10,12825	530,1264	NA		
4	67	D	Down	51	3046A	3003B	F4	4045	D	51D4045D	2	1	12.06.2017	2,56	4,51	6,01	2,11	1,8	17,11	19,56	11,74955	334,6716	NA		
4	89	D	Down	51	3046A	3003B	F4	4045	D	51D4045D	3	1	21.06.2017	2,73	4,71	7,42	2,53	2,56	17	20,73	18,8839	352,41	NA		
4	231	D	Down	51	3046A	3022A	F4	4046	A	51D4046A	1	1	14.08.2017	3,27	4,31	6,68	2,01	2,34	19,23	22,56	14,529	433,8288	NA		
4	236	D	Down	51	3046A	3022A	F4	4046	A	51D4046A	2	3	30.08.2017	4,13	4,88	6,57	2,11	2,13	20,67	25,68	13,9284	530,8056	NA		
4	NA	D	Down	51	3046A	3022A	F4	4046	A	51D4046A	3	NA	NA	NA	NA	NA	NA	NA	NA	NA	NA	NA	NA		
4	46	D	Down	51	3046A	3043B	F4	4047	D	51D4047D	1	1	30.05.2017	3,02	4,47	6,82	2,68	3	18,43	21,79	19,3688	401,5897	NA		
4	156	D	Down	51	3046A	3043B	F4	4047	D	51D4047D	2	1	02.07.2017	2,67	4,72	6,71	2,55	2,52	19,57	23,1	17,00985	452,067	NA		
4	234	D	Down	51	3046A	3043B	F4	4047	D	51D4047D	3	1	17.08.2017	4,37	4,66	6,52	2,18	2,13	19,54	21,18	14,0506	413,8572	NA		
4	108	D	Down	51	3046A	3043B	F4	4047	C	51D4047C	1	1	23.06.2017	2,14	4,27	6,19	2,63	2,24	18,7	21,27	15,07265	397,749	NA		
4	109	D	Down	51	3046A	3043B	F4	4047	C	51D4047C	2	1	23.06.2017	3,03	4,58	7,11	2,31	2,23	20,9	23,97	16,1397	500,973	NA		
4	161	D	Down	51	3046A	3043B	F4	4047	C	51D4047C	3	1	03.07.2017	3,89	5,25	6,79	2,58	2,86	20,28	23,71	18,4688	480,8388	NA		
4	36	D	Down	51	3046A	3052B	F4	4048	B	51D4048B	1	1	26.05.2017	1,98	4,88	6,58	2,48	2,49	18,52	23,17	16,3513	429,1084	NA		
4	53	D	Down	51	3046A	3052B	F4	4048	B	51D4048B	2	1	05.06.2017	3,55	4,58	7,39	2,77	2,69	21,86	25,01	20,1747	546,7186	NA		
4	110	D	Down	51	3046A	3052B	F4	4048	B	51D4048B	3	1	23.06.2017	2,85	4,92	6,94	2,88	2,5	19,78	23,74	18,6686	469,5772	NA		
4	168	D	Down	51	3052B	3022A	F4	4049	D	51D4049D	1	1	05.07.2017	3,8	4,97	7,12	2,41	2,59	18,93	24,77	17,8	468,8961	NA		
4	179	D	Down	51	3052B	3022A	F4	4049	D	51D4049D	2	1	07.07.2017	3,24	6,1	6,63	2,38	2,45	19,66	24,36	16,01145	478,9176	NA		
4	NA	D	Down	51	3052B	3022A	F4	4049	D	51D4049D	3	NA	NA	NA	NA	NA	NA	NA	NA	NA	NA	NA	NA		
4	98	D	Down	51	3052B	3025A	F4	4050	A	51D4050A	1	1	23.06.2017	2,27	5,71	7,13	3,01	2,95	18,5	21,98	21,2474	406,63	NA		
4	99	D	Down	51	3052B	3025A	F4	4050	A	51D4050A	2	1	23.06.2017	2,87	5,78	7,74	3,03	3,15	21,75	27,18	23,9166	591,165	NA		
4	150	D	Down	51	3052B	3025A	F4	4050	A	51D4050A	3	1	02.07.2017	2,21	3,89	7,48	3,02	3,05	16,92	21,42	22,7018	362,4264	NA		
4	69	D	Down	51	3052B	3035A	F4	4052	A	51D4052A	1	1	12.06.2017	2,79	4,51	6,06	1,83	2,03	20,35	23,46	11,6958	477,411	NA		
4	130	D	Down	51	3052B	3035A	F4	4052	A	51D4052A	2	1	27.06.2017	3,29	5,52	7,26	3,18	2,76	21,58	23,69	21,5622	511,2302	NA		
4	169	D	Down	51	3052B	3035A	F4	4052	A	51D4052A	3	2	06.07.2017	NA	NA	6,94	2,31	2,71	20,52	23,08	17,4194	473,6016	NA		
4	133	D	Down	51	3057B	3003B	F4	4053	D	51D4053D	1	1	28.06.2017	1,89	4,9	7,31	2,53	3,05	21,36	24,19	20,3949	516,6984	NA		
4	197	D	Down	51	3057B	3003B	F4	4053	D	51D4053D	2	1	23.07.2017	3,89	3,76	6,85	2,62	2,43	18,36	21,45	17,29625	393,822	NA		
4	205	D	Down	51	3057B	3003B	F4	4053	D	51D4053D	3	1	24.07.2017	1,89	4,37	6,82	2,4	2,47	16,84	19,05	16,6067	320,802	NA		
4	147	D	Down	51	3057B	3017A	F4	4054	C	51D4054C	1	1	30.06.2017	2,13	4,87	7,75	3,1	3,15	20,25	25,48	24,21875	515,97	NA		
4	228	D	Down	51	3057B	3017A	F4	4054	C	51D4054C	2	1	27.07.2017	1,85	5,61	7,42	3,05	2,99	18,26	21,95	22,4084	400,807	NA		
4	229	D	Down	51	3057B	3017A	F4	4054	C	51D4054C	3	3	27.07.2017	3,25	NA	6,52	2,52	2,62	21,16	24,34	16,7564	515,0344	NA		
4	56	D	Down	51	3057B	3032B	F4	4055	A	51D4055A	1	1	05.06.2017	2,22	5,08	8,09	3,03	3,34	19,13	24,25	25,76665	463,9025	NA		
4	100	D	Down	51	3057B	3032B	F4	4055	A	51D4055A	2	1	23.06.2017	0,94	4,81	6,93	2,63	2,42	17,07	21,03	17,49825	358,9821	NA		
4	195	D	Down	51	3057B	3032B	F4	4055	A	51D4055A	3	1	23.07.2017	1,81	4,65	7,58	2,94	2,72	17,7	22,33	21,4514	395,241	NA		
4	73	D	Down	51	3057B	3033B	F4	4056	C	51D4056C	1	1	15.06.2017	2,51	5,52	7,65	3,04	2,93	20,95	24,9	22,83525	521,655	NA		
4	143	D	Down	51	3057B	3033B	F4	4056	C	51D4056C	2	1	30.06.2017	2,03	4,8	7,69	3,38	3,04	19,21	21,25	24,6849	408,2125	NA		
4	178	D	Down	51	3057B	3033B	F4	4056	C	51D4056C	3	1	07.07.2017	3,35	4,8	6,73	2,83	3,07	18,7	22,47	19,8535	420,189	NA		
4	17	D	Down	51	3063A	3017A	F4	4057	A	51D4057A	1	1	25.05.2017	1,72	5,64	7,63	3,36	3,59	22,03	25,44	26,51425	560,4432	NA		
4	141	D	Down	51	3063A	3017A	F4	4057	A	51D4057A	2	2	30.06.2017	2,58	5,13	5,9	2	2,49	21,46	22,55	13,2455	483,923	NA		
4	177	D	Down	51	3063A	3017A	F4	4057	A	51D4057A	3	1	06.07.2017	4,3	4,21	6,78	2,51	2,9	18,33	20,69	18,3399	379,2477	NA		
4	28	D	Down	51	3063A	3017A	F4	4057	D	51D4057D	1	1	26.05.2017	3,1	4,35	6,22	2,18	2,21	20,64	22,09	13,6529	455,9376	NA		
4	29	D	Down	51	3063A	3017A	F4	4057	D	51D4057D	2	1	26.05.2017	3,89	3,96	6,4	2,54	2,76	18,59	22,81	16,96	424,0379	NA		
4	NA	D	Down	51	3063A	3017A	F4	4057	D	51D4057D	3	NA	NA	NA	NA	NA	NA	NA	NA	NA	NA	NA	NA		
4	48	D	Down	51	3063A	3035A	F4	4058	D	51D4058D	1	1	30.05.2017	3,67	3,89	6,56	3,1	3,22	19,66	25,87	20,7296	508,6042	NA		
4	49	D	Down	51	3063A	3035A	F4	4058	D	51D4058D	2	1	30.05.2017	3,24	4,59	7,99	3,35	2,96	19,35	24,56	25,20845	475,236	NA		
4	87	D	Down	51	3063A	3035A	F4	4058	D	51D4058D	3	1	20.06.2017	2,84	4,94	6,44	2,68	2,49	19,8	23,66	16,6474	468,468	NA		
4	12	D	Down	51	3063A	3046A	F4	4059	D	51D4059D	1	1	24.05.2017	2,05	4,36	6,69	2,62	2,65	19,2	23,64	17,62815	453,888	NA		
4	61	D	Down	51	3063A	3046A	F4	4059	D	51D4059D	2	2	06.06.2017	2,49	4,67	6,46	2,34	2,47	16,95	21,12	15,5363	357,984	NA		
4	75	D	Down	51	3063A	3046A	F4	4059	D	51D4059D	3	1	15.06.2017	2,48	4,93	7,25	3,06	3,12	18,7	21,65	22,4025	404,855	NA		
4	59	D	Down	51	3063A	3046A	F4	4059	B	51D4059B	1	1	05.06.2017	2,74	5,03	7,91	3,33	3,56	21,39	24,73	27,24995	528,9747	NA		
4	152	D	Down	51	3063A	3046A	F4	4059	B	51D4059B	2	1	02.07.2017	3,11	4,18	6,97	2,97	3,26	17,2	22,58	21,71155	388,376	NA		
4	153	D	Down	51	3063A	3046A	F4	4059	B	51D4059B	3	1	02.07.2017	3,03	3,83	7,48	3,13	2,99	18,08	23,73	22,8888	429,0384	NA		
4	40	D	Down	51	3063A	3052B	F4	4060	D	51D4060D	1	1	26.05.2017	2,6	5,5	7,6	3,22	3,18	22,47	25,39	24,32	570,5133	NA		
4	58	D	Down	51	3063A	3052B	F4	4060	D	51D4060D	2	1	05.06.2017	3,74	4,43	6,9	2,75	2,57	19,39	22,81	18,354	442,2859	NA		
4	107	D	Down	51	3063A	3052B	F4	4060	D	51D4060D	3	1	23.06.2017	2,67	5,45	7,06	2,49	2,81	20,97	22,54	18,709	472,6638	NA		
4	204	D	Down	51	3023B	3029A	F4	4061	A	51D4061A	1	1	24.07.2017	3,11	3,84	7,23	2,49	2,42	17,69	20,26	17,74965	358,3994	NA		
4	209	D	Down	51	3023B	3029A	F4	4061	A	51D4061A	2	1	25.07.2017	2,17	4,74	6,7	1,84	2,49	18,67	20,67	14,5055	385,9089	NA		
4	220	D	Down	51	3023B	3029A	F4	4061	A	51D4061A	3	2	26.07.2017	2,89	5,85	7,81	2,95	2,77	20,23	24,56	22,3366	496,8488	NA		
4	35	D	Down	51	3023B	3032B	F4	4062	C	51D4062C	1	1	26.05.2017	2,19	4,79	6,78	2,72	2,53	21,59	24,47	17,7975	528,3073	NA		
4	90	D	Down	51	3023B	3032B	F4	4062	C	51D4062C	2	1	21.06.2017	2,73	4,32	6,11	2,36	2,38	19,04	22,39	14,4807	426,3056	NA		
4	91	D	Down	51	3023B	3032B	F4	4062	C	51D4062C	3	1	21.06.2017	2,54	5,3	7,38	2,83	2,83	22,15	23,04	20,8854	510,336	NA		
4	175	D	Down	51	3023B	3043B	F4	4063	D	51D4063D	1	1	06.07.2017	2,43	4,1	6,04	1,98	2,04	17,96	20,76	12,1404	372,8496	NA		
4	187	D	Down	51	3023B	3043B	F4	4063	D	51D4063D	2	3	09.07.2017	2,62	4,73	5,5	1,83	1,73	21	21,61	9,79	453,81	NA		
4	202	D	Down	51	3023B	3043B	F4	4063	D	51D4063D	3	1	23.07.2017	3,25	4,87	6	2,03	1,89	17,57	19	11,76	333,83	NA		
4	176	D	Down	51	3023B	3046A	F4	4064	C	51D4064C	1	1	06.07.2017	1,25	4,92	6,84	2,46	2,64	19,01	21,25	17,442	403,9625	NA		
4	208	D	Down	51	3023B	3046A	F4	4064	C	51D4064C	2	1	24.07.2017	2,47	4,98	6,55	2,13	2,27	20,13	23,01	14,41	463,1913	NA		
4	NA	D	Down	51	3023B	3046A	F4	4064	C	51D4064C	3	NA	NA	NA	NA	NA	NA	NA	NA	NA	NA	NA	NA		
4	71	U	Up	51	3003	3037	F4	4001	B	51U4001B	1	1	13.06.2017	2,19	4,95	7,3	2,99	2,89	20,38	22,12	21,462	450,8056	NA		
4	137	U	Up	51	3003	3037	F4	4001	B	51U4001B	2	1	30.06.2017	2,77	5,02	7,16	2,05	3,03	21,84	23,88	18,1864	521,5392	NA		
4	213	U	Up	51	3003	3037	F4	4001	B	51U4001B	3	3	09.07.2017	2,92	5,39	8,38	3,55	4,02	18,56	23,66	31,7183	439,1296	NA		
4	94	U	Up	51	3003	3039	F4	4002	C	51U4002C	1	1	21.06.2017	2,79	5,2	8,55	3,54	3,61	21,57	24,72	30,56625	533,2104	NA		
4	95	U	Up	51	3003	3039	F4	4002	C	51U4002C	2	1	21.06.2017	3,19	5,35	8,42	3,05	3,41	22,33	24,98	27,1966	557,8034	NA		
4	163	U	Up	51	3003	3039	F4	4002	C	51U4002C	3	1	02.07.2017	2,01	4,52	9,16	3,96	3,82	20,74	23,56	35,6324	488,6344	NA		
4	96	U	Up	51	3003	3040	F4	4003	B	51U4003B	1	1	21.06.2017	3,47	5,73	7,34	3,54	3,35	25,14	26,33	25,2863	661,9362	NA		
4	107	U	Up	51	3003	3040	F4	4003	B	51U4003B	2	1	23.06.2017	2,68	5,39	7,68	3,84	3,59	22,74	25,93	28,5312	589,6482	NA		
4	108	U	Up	51	3003	3040	F4	4003	B	51U4003B	3	1	23.06.2017	1,29	5,89	8,26	3,99	4,19	22,19	26,46	33,7834	587,1474	NA		
4	21	U	Up	51	3003	3032B	F4	4004	B	51U4004B	1	1	26.05.2017	2,68	5,48	8,05	3,85	3,77	22,33	25,05	30,6705	559,3665	NA		
4	22	U	Up	51	3003	3032B	F4	4004	B	51U4004B	2	1	26.05.2017	2,96	6,3	9,09	4,03	4,07	23,32	29,95	36,8145	698,434	NA		
4	160	U	Up	51	3003	3032B	F4	4004	B	51U4004B	3	1	02.07.2017	2,25	3,4	8,05	3,48	4,01	16,32	23,08	30,14725	376,6656	NA		
4	128	U	Up	51	3004A	3028	F4	4005	D	51U4005D	1	2	28.06.2017	1,63	5,51	8,09	3,4	3,4	22,17	26,85	27,506	595,2645	NA		
4	186	U	Up	51	3004A	3028	F4	4005	D	51U4005D	2	1	06.07.2017	3,28	3,79	5,54	1,68	1,97	17,12	18,35	10,1105	314,152	NA		
4	237	U	Up	51	3004A	3028	F4	4005	D	51U4005D	3	1	27.07.2017	3,46	5,17	6,85	2,59	2,94	19,16	21,18	18,94025	405,8088	NA		
4	63	U	Up	51	3004A	3042	F4	4006	A	51U4006A	1	1	12.06.2017	4,97	5,11	8,54	3,84	3,88	19,7	26,61	32,9644	524,217	NA		
4	114	U	Up	51	3004A	3042	F4	4006	A	51U4006A	2	1	26.06.2017	4	5,25	7,45	3,12	3,1	18,87	23,23	23,1695	438,3501	NA		
4	123	U	Up	51	3004A	3042	F4	4006	A	51U4006A	3	1	27.06.2017	2,94	5,06	7,65	3,15	3,35	18,76	25,55	24,8625	479,318	NA		
4	99	U	Up	51	3004A	3040A	F4	4007	C	51U4007C	1	1	21.06.2017	2,23	5,9	8,67	3,58	3,52	21	25,3	30,7785	531,3	NA		
4	100	U	Up	51	3004A	3040A	F4	4007	C	51U4007C	2	1	21.06.2017	2,09	6,44	6,51	2,18	2,49	21,15	22,54	15,20085	476,721	NA		
4	162	U	Up	51	3004A	3040A	F4	4007	C	51U4007C	3	2	02.07.2017	1,51	3,76	8,17	3,14	3,33	17,43	21,11	26,42995	367,9473	NA		
4	38	U	Up	51	3004A	3058A	F4	4008	A	51U4008A	1	1	30.05.2017	1,81	4,34	6,36	2,6	2,58	18,04	20,83	16,4724	375,7732	NA		
4	169	U	Up	51	3004A	3058A	F4	4008	A	51U4008A	2	1	03.07.2017	2,77	4,13	8,59	3,73	3,67	19,65	23,22	31,783	456,273	NA		
4	170	U	Up	51	3004A	3058A	F4	4008	A	51U4008A	3	1	03.07.2017	2,51	4,35	7,71	3,56	3,42	19	21,83	26,9079	414,77	NA		
4	50	U	Up	51	3011	3004	F4	4009	A	51U4009A	1	1	06.06.2017	3,42	4,56	6,46	2,43	2,49	17,36	21,5	15,8916	373,24	NA		
4	78	U	Up	51	3011	3004	F4	4009	A	51U4009A	2	1	17.06.2017	3,09	5,44	8,54	3,76	3,62	19,19	23,45	31,5126	450,0055	NA		
4	79	U	Up	51	3011	3004	F4	4009	A	51U4009A	3	1	17.06.2017	3,41	5,44	8,41	3,18	3,41	20,66	23,2	27,71095	479,312	NA		
4	85	U	Up	51	3011	3030B	F4	4010	D	51U4010D	1	1	17.06.2017	2,05	5,72	8,66	3,89	3,51	24,12	25,66	32,042	618,9192	NA		
4	232	U	Up	51	3011	3030B	F4	4010	D	51U4010D	2	1	26.07.2017	1,52	4,93	7,72	3,49	3,28	17,33	21,47	26,1322	372,0751	NA		
4	241	U	Up	51	3011	3030B	F4	4010	D	51U4010D	3	1	30.08.2017	1,43	4,47	8,19	3,63	3,48	17,89	21,94	29,11545	392,5066	NA		
4	26	U	Up	51	3011	3032B	F4	4011	B	51U4011B	1	1	29.05.2017	2,73	5,17	8,05	3,78	3,53	21,02	25,78	29,42275	541,8956	NA		
4	189	U	Up	51	3011	3032B	F4	4011	B	51U4011B	2	1	06.07.2017	3,29	4,81	7,48	2,98	2,95	17,24	20,01	22,1782	344,9724	NA		
4	190	U	Up	51	3011	3032B	F4	4011	B	51U4011B	3	1	06.07.2017	2,31	4,62	6,82	2,45	2,54	15,27	18,87	17,0159	288,1449	NA		
4	57	U	Up	51	3011	3032B	F4	4011	A	51U4011A	1	1	12.06.2017	3,92	5,23	7,78	3,67	3,58	20,86	27,9	28,2025	581,994	NA		
4	58	U	Up	51	3011	3032B	F4	4011	A	51U4011A	2	1	12.06.2017	3,06	5,13	8,75	4,12	3,68	21,49	26,08	34,125	560,4592	NA		
4	109	U	Up	51	3011	3032B	F4	4011	A	51U4011A	3	1	26.06.2017	2,45	5,16	8,47	3,73	3,76	20,49	26,37	31,72015	540,3213	NA		
4	10	U	Up	51	3011	3038A	F4	4012	C	51U4012C	1	1	24.05.2017	2,21	5,13	8,65	3,67	3,68	23	26	31,78875	598	NA		
4	153	U	Up	51	3011	3038A	F4	4012	C	51U4012C	2	1	30.06.2017	2,31	5,55	8,06	3,73	3,81	21,69	25,73	30,3862	558,0837	NA		
4	154	U	Up	51	3011	3038A	F4	4012	C	51U4012C	3	1	30.06.2017	2,74	5,27	8,09	3,79	3,75	18,16	20,66	30,4993	375,1856	NA		
4	18	U	Up	51	3012	3003	F4	4013	A	51U4013A	1	1	26.05.2017	3,48	5,95	8,74	3,67	3,8	23,17	26,67	32,6439	617,9439	NA		
4	19	U	Up	51	3012	3003	F4	4013	A	51U4013A	2	1	26.05.2017	2,15	5,6	7,53	3,05	3,12	20,95	25,23	23,23005	528,5685	NA		
4	103	U	Up	51	3012	3003	F4	4013	A	51U4013A	3	1	23.06.2017	3,32	5,51	8,74	3,63	3,52	20,01	24,83	31,2455	496,8483	NA		
4	129	U	Up	51	3012	3040	F4	4014	A	51U4014A	1	1	28.06.2017	1,5	4,69	8,13	3,01	3,26	21,7	23,86	25,48755	517,762	NA		
4	143	U	Up	51	3012	3040	F4	4014	A	51U4014A	2	1	30.06.2017	1,83	4,9	7,26	2,73	3,37	23,06	23,95	22,143	552,287	NA		
4	144	U	Up	51	3012	3040	F4	4014	A	51U4014A	3	1	30.06.2017	1,39	4,69	7,49	2,93	3,13	24,11	24,43	22,6947	589,0073	NA		
4	39	U	Up	51	3012	3064	F4	4015	A	51U4015A	1	1	05.06.2017	3,75	4,92	9,02	5,06	4,37	18,33	24,6	42,5293	450,918	NA		
4	97	U	Up	51	3012	3064	F4	4015	A	51U4015A	2	1	21.06.2017	2,04	6,02	8,27	3,68	3,44	20,45	25,51	29,4412	521,6795	NA		
4	98	U	Up	51	3012	3064	F4	4015	A	51U4015A	3	1	21.06.2017	2,83	5,56	7,36	3,54	3,72	20,82	23,55	26,7168	490,311	NA		
4	101	U	Up	51	3012	3064	F4	4015	D	51U4015D	1	1	23.06.2017	3,1	5,22	8,07	3,78	3,49	23,48	25,63	29,33445	601,7924	NA		
4	155	U	Up	51	3012	3064	F4	4015	D	51U4015D	2	1	02.07.2017	1,74	3,32	7,88	3,19	3,72	17,61	22,28	27,2254	392,3508	NA		
4	156	U	Up	51	3012	3064	F4	4015	D	51U4015D	3	1	02.07.2017	2,24	3,54	7,1	3,23	3,4	20,23	22,16	23,5365	448,2968	NA		
4	27	U	Up	51	3012	3063A	F4	4016	B	51U4016B	1	1	29.05.2017	4,22	5,53	8,59	3,94	3,6	20,19	25,62	32,3843	517,2678	NA		
4	34	U	Up	51	3012	3063A	F4	4016	B	51U4016B	2	1	30.05.2017	3,64	4,22	9,57	3,85	4,58	22,02	26,47	40,33755	582,8694	NA		
4	113	U	Up	51	3012	3063A	F4	4016	B	51U4016B	3	1	26.06.2017	3,69	5,33	8,79	3,89	4,04	20,69	23,95	34,85235	495,5255	NA		
4	61	U	Up	51	3012	3063A	F4	4016	A	51U4016A	1	2	12.06.2017	2,46	5,34	7,72	3,28	3,23	22,54	25,36	25,1286	571,6144	NA		
4	126	U	Up	51	3012	3063A	F4	4016	A	51U4016A	2	1	27.06.2017	3,14	5,77	8,92	4,13	4,18	22,39	25,48	37,0626	570,4972	NA		
4	177	U	Up	51	3012	3063A	F4	4016	A	51U4016A	3	1	03.07.2017	2,97	5,71	8,63	3,57	3,53	17,92	22,81	30,6365	408,7552	NA		
4	25	U	Up	51	3013B	3063	F4	4017	C	51U4017C	1	1	29.05.2017	3,32	5,7	7,3	2,7	2,8	22,17	25,35	20,075	562,0095	NA		
4	211	U	Up	51	3013B	3063	F4	4017	C	51U4017C	2	1	09.07.2017	3,49	5,93	8,96	3,48	4,04	19,01	22,25	33,6896	422,9725	NA		
4	212	U	Up	51	3013B	3063	F4	4017	C	51U4017C	3	1	09.07.2017	3,03	6,28	8,24	3,37	3,25	20,1	23,03	27,2744	462,903	NA		
4	102	U	Up	51	3013B	3028A	F4	4018	B	51U4018B	1	1	23.06.2017	0	5,13	7,58	3,27	3,05	20,02	23,73	23,9528	475,0746	NA		
4	220	U	Up	51	3013B	3028A	F4	4018	B	51U4018B	2	1	23.07.2017	2,62	5,77	6,63	2,39	2,66	16,72	18,17	16,74075	303,8024	NA		
4	221	U	Up	51	3013B	3028A	F4	4018	B	51U4018B	3	1	23.07.2017	3,56	4,91	7,82	3,17	3,22	17,63	21,57	24,9849	380,2791	NA		
4	13	U	Up	51	3013B	3032B	F4	4019	C	51U4019C	1	1	25.05.2017	2,02	6,49	8,08	3,2	3,36	22,57	27,52	26,5024	621,1264	NA		
4	133	U	Up	51	3013B	3032B	F4	4019	C	51U4019C	2	2	28.06.2017	3,73	5,86	8,06	3,58	3,57	23,33	27,64	28,8145	644,8412	NA		
4	191	U	Up	51	3013B	3032B	F4	4019	C	51U4019C	3	1	06.07.2017	3,27	6,64	7,94	3,44	3,25	21,16	25,63	26,5593	542,3308	NA		
4	62	U	Up	51	3013B	3032B	F4	4019	D	51U4019D	1	2	12.06.2017	3,07	5,22	7,88	2,93	3,08	21,65	25,79	23,6794	558,3535	NA		
4	112	U	Up	51	3013B	3032B	F4	4019	D	51U4019D	2	1	26.06.2017	2,72	5,12	6,9	3	2,55	18,04	23,76	19,1475	428,6304	NA		
4	178	U	Up	51	3013B	3032B	F4	4019	D	51U4019D	3	1	03.07.2017	2,25	5,25	7,4	3,38	3,13	20,01	22,34	24,087	447,0234	NA		
4	159	U	Up	51	3013B	3064A	F4	4020	C	51U4020C	1	1	02.07.2017	2,35	5,09	7,92	2,9	3,07	18,09	23,69	23,6412	428,5521	NA		
4	174	U	Up	51	3013B	3064A	F4	4020	C	51U4020C	2	1	03.07.2017	3,3	5,27	7,78	3,8	3,56	20,86	22,37	28,6304	466,6382	NA		
4	198	U	Up	51	3013B	3064A	F4	4020	C	51U4020C	3	1	07.07.2017	2,29	5,9	8,98	3,85	3,8	20,64	24,32	34,3485	501,9648	NA		
4	221	U	Up	51	3028A	3003	F4	4021	A	51U4021A	1	1	24.07.2017	1,93	5,21	9,11	3,7	3,93	22,47	26,34	34,75465	591,8598	NA		
4	222	U	Up	51	3028A	3003	F4	4021	A	51U4021A	2	1	24.07.2017	3,37	4,79	7,71	3,52	3,62	19,24	24,15	27,5247	464,646	NA		
4	223	U	Up	51	3028A	3003	F4	4021	A	51U4021A	3	3	24.07.2017	3,59	5,77	8,49	3,65	3,76	21,17	24,29	31,45545	514,2193	NA		
4	23	U	Up	51	3028A	3012	F4	4022	A	51U4022A	1	1	26.05.2017	2,11	5,16	6,39	2,17	2,31	21,68	23,54	14,3136	510,3472	NA		
4	24	U	Up	51	3028A	3012	F4	4022	A	51U4022A	2	1	26.05.2017	5,99	4,85	8,73	3,54	3,73	22,62	24,58	31,73355	555,9996	NA		
4	104	U	Up	51	3028A	3012	F4	4022	A	51U4022A	3	1	23.06.2017	3,04	5,05	7,06	2,85	3,18	22,71	23,43	21,2859	532,0953	NA		
4	29	U	Up	51	3028A	3012	F4	4022	C	51U4022A	1	1	29.05.2017	2,58	5,56	7,23	3,06	2,95	22,22	24,96	21,72615	554,6112	NA		
4	55	U	Up	51	3028A	3012	F4	4022	C	51U4022C	2	1	06.06.2017	1,69	5,95	7,98	3,4	3,72	15,65	21,77	28,4088	340,7005	NA		
4	82	U	Up	51	3028A	3012	F4	4022	C	51U4022C	3	1	17.06.2017	2,39	6,55	8,06	4,09	3,85	24,41	26	31,9982	634,66	NA		
4	184	U	Up	51	3028A	3038A	F4	4024	C	51U4024C	1	1	06.07.2017	5,95	5,16	8,68	3,69	3,9	19,69	22,84	32,9406	449,7196	NA		
4	215	U	Up	51	3028A	3038A	F4	4024	C	51U4024C	2	1	09.07.2017	5,32	5	7,81	3,2	3,72	19,68	26,3	27,0226	517,584	NA		
4	216	U	Up	51	3028A	3038A	F4	4024	C	51U4024C	3	2	09.07.2017	3,82	5,63	7,3	2,69	3,23	22,49	28	21,608	629,72	NA		
4	12	U	Up	51	3030B	3004	F4	4025	A	51U4025A	1	1	25.05.2017	1,83	4,47	6,61	2,57	2,73	14,86	17,35	17,5165	257,821	NA		
4	136	U	Up	51	3030B	3004	F4	4025	A	51U4025A	2	1	30.06.2017	0,96	5,3	8,68	3,92	3,86	22,11	24,28	33,7652	536,8308	NA		
4	194	U	Up	51	3030B	3004	F4	4025	A	51U4025A	3	1	06.07.2017	1,97	5,46	8,75	3,99	3,37	20,18	22,57	32,2	455,4626	NA		
4	45	U	Up	51	3030B	3013B	F4	4026	B	51U4026B	1	1	05.06.2017	2,15	4,33	6,88	3,2	3,42	20,24	22,38	22,7728	452,9712	NA		
4	74	U	Up	51	3030B	3013B	F4	4026	B	51U4026B	2	1	17.06.2017	3,05	4,41	7,84	3,5	3,43	20,01	24,99	27,1656	500,0499	NA		
4	75	U	Up	51	3030B	3013B	F4	4026	B	51U4026B	3	1	17.06.2017	3,52	4,89	7,75	3,48	3,38	20,18	24,95	26,5825	503,491	NA		
4	117	U	Up	51	3030B	3039B	F4	4027	C	51U4027C	1	1	27.06.2017	2,79	4,55	7,99	3,2	2,93	20,76	25	24,48935	519	NA		
4	118	U	Up	51	3030B	3039B	F4	4027	C	51U4027C	2	1	27.06.2017	2,01	5,07	8,25	3,55	3,01	20,73	24,48	27,06	507,4704	NA		
4	185	U	Up	51	3030B	3039B	F4	4027	C	51U4027C	3	1	06.07.2017	2,82	4,73	7,94	3,19	2,94	19,48	22,4	24,3361	436,352	NA		
4	35	U	Up	51	3030B	3058	F4	4028	B	51U4028B	1	1	30.05.2017	3,48	4,36	6,83	3,19	3,11	23,7	26,36	21,5145	624,732	NA		
4	36	U	Up	51	3030B	3058	F4	4028	B	51U4028B	2	2	30.05.2017	3,34	4,8	7,14	3,84	3,8	18,74	21,47	27,2748	402,3478	NA		
4	88	U	Up	51	3030B	3058	F4	4028	B	51U4028B	3	1	20.06.2017	3,18	4,71	6,21	2,42	2,53	21,38	22,03	15,36975	471,0014	NA		
4	51	U	Up	51	3030B	3058	F4	4028	C	51U4028C	1	1	06.06.2017	2,04	5,1	8,51	3,3	3,62	22,41	24,95	29,4446	559,1295	NA		
4	219	U	Up	51	3030B	3058	F4	4028	C	51U4028C	2	3	23.07.2017	3,85	5,12	8,18	3,57	3,45	21,57	24,37	28,7118	525,6609	NA		
4	238	U	Up	51	3030B	3058	F4	4028	C	51U4028C	3	1	15.08.2017	3,42	4,42	7,53	3,21	2,79	19,71	22,99	22,59	453,1329	NA		
4	1	U	Up	51	3032B	3004	F4	4029	C	51U4029C	1	1	23.05.2017	2,4	5,66	8,87	3,78	4,02	22,71	25,51	34,593	579,3321	NA		
4	47	U	Up	51	3032B	3004	F4	4029	C	51U4029C	2	1	06.06.2017	2	4,96	8,37	3,76	3,68	20,95	25,98	31,1364	544,281	NA		
4	48	U	Up	51	3032B	3004	F4	4029	C	51U4029C	3	2	06.06.2017	3,08	5,16	6,44	2,4	2,29	18,86	19,14	15,1018	360,9804	NA		
4	37	U	Up	51	3032B	3012	F4	4030	D	51U4030D	1	1	30.05.2017	2,3	4,79	6,87	3,11	3,09	21,96	24,89	21,297	546,5844	NA		
4	92	U	Up	51	3032B	3012	F4	4030	D	51U4030D	2	1	20.06.2017	4,18	4,97	7,94	3,19	3,5	20,54	24,36	26,5593	500,3544	NA		
4	202	U	Up	51	3032B	3012	F4	4030	D	51U4030D	3	1	07.07.2017	1,61	4,85	7,81	3,5	3,7	22,66	26,29	28,116	595,7314	NA		
4	84	U	Up	51	3032B	3012	F4	4030	C	51U4030C	1	1	17.06.2017	2,43	6,46	8,86	4,21	4,1	27,51	29,19	36,8133	803,0169	NA		
4	196	U	Up	51	3032B	3012	F4	4030	C	51U4030C	2	1	07.07.2017	3,51	6,63	8,57	3,58	3,8	22,37	26,24	31,6233	586,9888	NA		
4	224	U	Up	51	3032B	3012	F4	4030	C	51U4030C	3	1	24.07.2017	2,91	5,72	7,1	2,96	3,08	18,72	20,91	21,442	391,4352	NA		
4	3	U	Up	51	3032B	3038A	F4	4031	C	51U4031C	1	1	24.05.2017	3,66	5,02	6,81	2,61	2,89	22,78	24,85	18,7275	566,083	NA		
4	44	U	Up	51	3032B	3038A	F4	4031	C	51U4031C	2	1	05.06.2017	1,78	5,93	8,72	3,73	3,35	21,51	24,95	30,8688	536,6745	NA		
4	175	U	Up	51	3032B	3038A	F4	4031	C	51U4031C	3	1	03.07.2017	2,89	5,51	7,46	3,51	3,38	20,98	23,26	25,6997	487,9948	NA		
4	200	U	Up	51	3032B	3039B	F4	4032	C	51U4032C	1	1	07.07.2017	3,61	5,82	8,18	3,77	3,62	24,82	26,84	30,2251	666,1688	NA		
4	201	U	Up	51	3032B	3039B	F4	4032	C	51U4032C	2	3	07.07.2017	3,1	6,13	7,76	3,41	3,43	26,56	29,56	26,5392	785,1136	NA		
4	240	U	Up	51	3032B	3039B	F4	4032	C	51U4032C	3	3	30.08.2017	4,41	5,38	9,12	3,95	4,06	23,51	27,25	36,5256	640,6475	NA		
4	17	U	Up	51	3037	3004	F4	4033	B	51U4033B	1	1	26.05.2017	2,5	5,47	7,92	3,38	3,36	19,67	21,44	26,6904	421,7248	NA		
4	40	U	Up	51	3037	3004	F4	4033	B	51U4033B	2	1	05.06.2017	2,59	5,21	8,81	3,52	3,41	19,49	22,93	30,52665	446,9057	NA		
4	41	U	Up	51	3037	3004	F4	4033	B	51U4033B	3	1	05.06.2017	2,64	4,66	9,42	4,17	4,06	22,48	24,42	38,7633	548,9616	NA		
4	14	U	Up	51	3037	3042	F4	4034	C	51U4034C	1	2	25.05.2017	1,14	5,14	7,25	2,52	2,93	20,14	24,55	19,75625	494,437	NA		
4	72	U	Up	51	3037	3042	F4	4034	C	51U4034C	2	1	13.06.2017	1,91	6,16	8,93	3,87	3,66	19,72	25,15	33,62145	495,958	NA		
4	132	U	Up	51	3037	3042	F4	4034	C	51U4034C	3	1	28.06.2017	2,49	5,64	8,3	3,86	3,34	19,66	23,85	29,88	468,891	NA		
4	60	U	Up	51	3037	3042	F4	4034	D	51U4034D	1	1	12.06.2017	2,32	5,3	8,06	3,66	4,04	19,73	24,21	31,031	477,6633	NA		
4	110	U	Up	51	3037	3042	F4	4034	D	51U4034D	2	1	26.06.2017	2,38	4,93	7,57	3,11	2,83	17,85	20,16	22,4829	359,856	NA		
4	111	U	Up	51	3037	3042	F4	4034	D	51U4034D	3	2	26.06.2017	1,82	5,25	8,17	3,62	4,09	21,58	26,01	31,49535	561,2958	NA		
4	59	U	Up	51	3037	3013B	F4	4035	D	51U4035D	1	1	12.06.2017	2,98	5,16	7,92	3,49	3,44	20,24	21,41	27,4428	433,3384	NA		
4	205	U	Up	51	3037	3013B	F4	4035	D	51U4035D	2	1	07.07.2017	3,02	5,6	8,6	3,51	4,01	19,38	22,63	32,336	438,5694	NA		
4	206	U	Up	51	3037	3013B	F4	4035	D	51U4035D	3	1	07.07.2017	0,93	5,41	9,19	3,98	4,3	19,61	23,8	38,0466	466,718	NA		
4	64	U	Up	51	3037	3013B	F4	4035	C	51U4035C	1	1	12.06.2017	2,91	5,14	7,19	2,8	3,04	15,28	17,74	20,9948	271,0672	NA		
4	65	U	Up	51	3037	3013B	F4	4035	C	51U4035C	2	2	12.06.2017	3,06	5,64	8,04	3,77	3,98	18,68	20,68	31,155	386,3024	NA		
4	122	U	Up	51	3037	3013B	F4	4035	C	51U4035C	3	1	27.06.2017	3,15	5,52	8,9	4,07	3,77	21,18	24,68	34,888	522,7224	NA		
4	157	U	Up	51	3037	3030B	F4	4036	B	51U4036B	1	1	02.07.2017	2,63	3,2	7,68	3,13	3,08	17,72	18,24	23,8464	323,2128	NA		
4	158	U	Up	51	3037	3030B	F4	4036	B	51U4036B	2	2	02.07.2017	1,98	3,08	8,61	3,95	3,64	17,96	23,08	32,67495	414,5168	NA		
4	176	U	Up	51	3037	3030B	F4	4036	B	51U4036B	3	1	03.07.2017	2,81	6,06	7,78	2,62	3,35	19,44	22,87	23,2233	444,5928	NA		
4	171	U	Up	51	3038	3003	F4	4037	D	51U4037D	1	1	03.07.2017	2,1	5,34	8	3,32	3,45	18,55	20,63	27,08	382,6865	NA		
4	203	U	Up	51	3038	3003	F4	4037	D	51U4037D	2	1	07.07.2017	3,14	4,89	8,16	3,56	3,64	17,6	20,11	29,376	353,936	NA		
4	226	U	Up	51	3038	3003	F4	4037	D	51U4037D	3	3	24.07.2017	3,84	5,31	7,75	3,66	3,4	19,57	21,27	27,3575	416,2539	NA		
4	11	U	Up	51	3038	3012	F4	4038	D	51U4038D	1	1	25.05.2017	2,5	5,99	7,71	3,1	3,09	22,16	24,5	23,86245	542,92	NA		
4	46	U	Up	51	3038	3012	F4	4038	D	51U4038D	2	1	06.06.2017	1,97	5,91	8,24	3,75	3,49	24,01	26,72	29,8288	641,5472	NA		
4	76	U	Up	51	3038	3012	F4	4038	D	51U4038D	3	1	17.06.2017	3,25	6,13	7,96	3,4	3,16	19,84	22,31	26,1088	442,6304	NA		
4	33	U	Up	51	3038	3030B	F4	4039	B	51U4039B	1	1	30.05.2017	3,52	4,94	8,66	3,74	3,57	22,63	23,86	31,6523	539,9518	NA		
4	179	U	Up	51	3038	3030B	F4	4039	B	51U4039B	2	1	05.07.2017	2,15	4,37	8,15	3,3	3,42	20,89	24,33	27,384	508,2537	NA		
4	204	U	Up	51	3038	3030B	F4	4039	B	51U4039B	3	2	07.07.2017	3,01	4,72	8,48	3,77	4,2	22,02	25,87	33,7928	569,6574	NA		
4	119	U	Up	51	3038	3063A	F4	4040	C	51U4040C	1	1	27.06.2017	2,79	4,59	8,18	3,35	3,4	19,67	21,3	27,6075	418,971	NA		
4	120	U	Up	51	3038	3063A	F4	4040	C	51U4040C	2	1	27.06.2017	2,81	4,79	8,04	3,52	3,37	21,42	23,61	27,6978	505,7262	NA		
4	121	U	Up	51	3038	3063A	F4	4040	C	51U4040C	3	1	27.06.2017	3,6	4,59	8,88	3,89	3,47	18,96	21,75	32,6784	412,38	NA		
4	86	U	Up	51	3039B	3011	F4	4041	D	51U4041D	1	1	17.06.2017	2,67	6,11	8,9	4,12	4,12	24,01	25,55	36,668	613,4555	NA		
4	148	U	Up	51	3039B	3011	F4	4041	D	51U4041D	2	1	30.06.2017	1,73	5,73	9,67	4,44	4,04	23,75	27,56	41,0008	654,55	NA		
4	149	U	Up	51	3039B	3011	F4	4041	D	51U4041D	3	1	30.06.2017	3,28	5,44	9,15	4,35	4,14	22,23	25,7	38,84175	571,311	NA		
4	90	U	Up	51	3039B	3011	F4	4041	C	51U4041C	1	1	20.06.2017	4,49	5,19	7,71	3,43	3,44	23,15	24,87	26,48385	575,7405	NA		
4	165	U	Up	51	3039B	3011	F4	4041	C	51U4041C	2	1	02.07.2017	3,94	5,16	8,02	3,8	3,86	20,71	22,83	30,7166	472,8093	NA		
4	166	U	Up	51	3039B	3011	F4	4041	C	51U4041C	3	2	02.07.2017	3,36	5,52	7,72	3,21	3,18	21,22	25,21	24,6654	534,9562	NA		
4	20	U	Up	51	3039B	3042	F4	4042	B	51U4042B	1	1	26.05.2017	2,51	5,7	8,64	3,77	3,79	21,82	25,52	32,6592	556,8464	NA		
4	42	U	Up	51	3039B	3042	F4	4042	B	51U4042B	2	1	05.06.2017	2,81	5,15	9,11	3,87	3,64	21,6	26,96	34,20805	582,336	NA		
4	106	U	Up	51	3039B	3042	F4	4042	B	51U4042B	3	1	23.06.2017	1,67	5,43	9,18	3,28	4,06	22,53	25,92	33,6906	583,9776	NA		
4	52	U	Up	51	3039B	3042	F4	4042	D	51U4042D	1	1	06.06.2017	1,94	5,87	8,66	3,95	3,9	19,86	23,68	33,9905	470,2848	NA		
4	80	U	Up	51	3039B	3042	F4	4042	D	51U4042D	2	2	17.06.2017	3,42	5,87	9,09	3,72	4,04	21,47	26,32	35,2692	565,0904	NA		
4	151	U	Up	51	3039B	3042	F4	4042	D	51U4042D	3	1	30.06.2017	1,87	5,16	8,59	3,66	3,88	18,63	24,21	32,3843	451,0323	NA		
4	56	U	Up	51	3039B	3063	F4	4043	A	51U4043A	1	2	06.06.2017	3,66	5,52	8,13	3,56	3,31	21,55	23,11	27,92655	498,0205	NA		
4	145	U	Up	51	3039B	3063	F4	4043	A	51U4043A	2	2	30.06.2017	2	4,56	7,84	3,42	3,54	22,8	23,85	27,2832	543,78	NA		
4	195	U	Up	51	3039B	3063	F4	4043	A	51U4043A	3	1	07.07.2017	2,26	4,67	7,82	3,19	3,32	18,68	19,63	25,4541	366,6884	NA		
4	89	U	Up	51	3039B	3063	F4	4043	C	51U4043C	1	1	20.06.2017	3,43	5,49	8,45	3,17	3,57	23,35	23,16	28,4765	540,786	NA		
4	164	U	Up	51	3039B	3063	F4	4043	C	51U4043C	2	1	02.07.2017	3,46	4,77	8,38	3,05	3,33	22,79	23,27	26,7322	530,3233	NA		
4	229	U	Up	51	3039B	3063	F4	4043	C	51U4043C	3	3	24.07.2017	5,22	4,93	8,82	3,39	3,29	22,93	24,87	29,4588	570,2691	NA		
4	9	U	Up	51	3039B	3013B	F4	4044	A	51U4044A	1	1	24.05.2017	2,48	5,8	8,53	3,85	3,98	22,19	22,64	33,39495	502,3816	NA		
4	32	U	Up	51	3039B	3013B	F4	4044	A	51U4044A	2	1	29.05.2017	4,42	4,94	8,29	3,77	3,9	21,6	25,62	31,79215	553,392	NA		
4	223	U	Up	51	3039B	3013B	F4	4044	A	51U4044A	3	1	23.07.2017	2,21	6	7,56	2,84	3,16	18,92	21,31	22,68	403,1852	NA		
4	66	U	Up	51	3040	3011	F4	4045	D	51U4045D	1	1	12.06.2017	2,79	4,47	7,37	2,84	2,89	19,89	24,42	21,11505	485,7138	NA		
4	67	U	Up	51	3040	3011	F4	4045	D	51U4045D	2	1	12.06.2017	2,19	4,79	6,66	2,46	2,58	19,59	20,51	16,7832	401,7909	NA		
4	124	U	Up	51	3040	3011	F4	4045	D	51U4045D	3	1	27.06.2017	1,47	5,34	7,77	3,52	3,68	21,36	23,94	27,972	511,3584	NA		
4	49	U	Up	51	3040	3013B	F4	4046	B	51U4046B	1	1	06.06.2017	2,2	5,23	7,04	3,32	3	19,2	21,67	22,2464	416,064	NA		
4	77	U	Up	51	3040	3013B	F4	4046	B	51U4046B	2	1	17.06.2017	4,24	4	8,65	3,39	3,51	23,12	27,51	29,8425	636,0312	NA		
4	152	U	Up	51	3040	3013B	F4	4046	B	51U4046B	3	1	30.06.2017	2,14	4,9	9,42	3,72	3,66	20,4	27,09	34,7598	552,636	NA		
4	73	U	Up	51	3040	3013B	F4	4046	D	51U4046D	1	1	15.06.2017	3,28	5,14	8,17	3,57	3,9	21,46	22,83	30,51495	489,9318	NA		
4	197	U	Up	51	3040	3013B	F4	4046	D	51U4046D	2	1	07.07.2017	2,29	4,68	8,56	3,56	3,75	18,02	21,5	31,2868	387,43	NA		
4	227	U	Up	51	3040	3013B	F4	4046	D	51U4046D	3	1	24.07.2017	3,67	4,73	8,36	2,87	3,58	17,46	19,98	26,961	348,8508	NA		
4	43	U	Up	51	3040	3030B	F4	4047	A	51U4047A	1	1	05.06.2017	2,39	4,74	8,32	3,04	3,47	22,15	25,53	27,0816	565,4895	NA		
4	161	U	Up	51	3040	3030B	F4	4047	A	51U4047A	2	1	02.07.2017	3,16	5,44	8,17	3,26	3,58	19,9	21,88	27,9414	435,412	NA		
4	199	U	Up	51	3040	3030B	F4	4047	A	51U4047A	3	1	07.07.2017	2,73	5,14	8,3	3,42	3,49	21,62	23,74	28,6765	513,2588	NA		
4	130	U	Up	51	3040	3064	F4	4048	D	51U4048D	1	1	28.06.2017	2,69	5,52	7,5	2,83	2,75	19,72	22,51	20,925	443,8972	NA		
4	131	U	Up	51	3040	3064	F4	4048	D	51U4048D	2	2	28.06.2017	3,72	5,79	7,09	3,17	3,54	24,09	25,94	23,78695	624,8946	NA		
4	214	U	Up	51	3040	3064	F4	4048	D	51U4048D	3	1	09.07.2017	3,69	5	7,67	3,48	3,03	17,48	22,25	24,96585	388,93	NA		
4	70	U	Up	51	3042	3012	F4	4049	C	51U4049C	1	1	13.06.2017	2,65	5,38	6,58	2,06	2,65	19,81	23,55	15,4959	466,5255	NA		
4	135	U	Up	51	3042	3012	F4	4049	C	51U4049C	2	1	28.06.2017	2,49	6,16	8,83	4,15	3,96	22,7	27,44	35,80565	622,888	NA		
4	193	U	Up	51	3042	3012	F4	4049	C	51U4049C	3	1	06.07.2017	5,08	4,39	7,65	3,48	3,38	19,9	23,63	26,2395	470,237	NA		
4	139	U	Up	51	3042	3028	F4	4050	C	51U4050C	1	1	30.06.2017	3,73	4,63	7,11	3,26	2,92	20,66	23,36	21,9699	482,6176	NA		
4	140	U	Up	51	3042	3028	F4	4050	C	51U4050C	2	1	30.06.2017	2,24	5,18	8,11	3,48	3,7	19,45	23,42	29,1149	455,519	NA		
4	225	U	Up	51	3042	3028	F4	4050	C	51U4050C	3	1	24.07.2017	2,17	4,92	8,55	3,75	3,72	18,72	23,23	31,93425	434,8656	NA		
4	28	U	Up	51	3042	3040	F4	4051	D	51U4051D	1	1	29.05.2017	NA	5,04	6,41	2,63	2,79	16,43	19,45	17,3711	319,5635	NA		
4	68	U	Up	51	3042	3040	F4	4051	D	51U4051D	2	1	12.06.2017	5,37	4,71	8,44	3,5	3,15	20,74	26,3	28,063	545,462	NA		
4	115	U	Up	51	3042	3040	F4	4051	D	51U4051D	3	1	26.06.2017	2,42	5,74	8,22	3,6	3,56	21,76	25,77	29,4276	560,7552	NA		
4	125	U	Up	51	3042	3058	F4	4052	C	51U4052C	1	1	27.06.2017	2,65	4,81	8,59	3,77	3,35	20,12	25,21	30,5804	507,2252	NA		
4	182	U	Up	51	3042	3058	F4	4052	C	51U4052C	2	2	06.07.2017	2,6	5,51	8,7	3,58	3,2	20,38	24,31	29,493	495,4378	NA		
4	208	U	Up	51	3042	3058	F4	4052	C	51U4052C	3	1	07.07.2017	1,13	5,54	9,82	4,2	3,92	19,59	27,57	39,8692	540,0963	NA		
4	127	U	Up	51	3058	3011	F4	4053	C	51U4053C	1	2	28.06.2017	1,15	5,66	9,47	4,39	4,04	22,46	28,76	39,91605	645,9496	NA		
4	187	U	Up	51	3058	3011	F4	4053	C	51U4053C	2	1	06.07.2017	0,84	4,79	8,31	3,84	3,7	20,15	25,69	31,3287	517,6535	NA		
4	188	U	Up	51	3058	3011	F4	4053	C	51U4053C	3	3	06.07.2017	3,86	4,52	8,7	3,47	3,44	23,5	26,38	30,0585	619,93	NA		
4	91	U	Up	51	3058	3037	F4	4054	D	51U4054D	1	1	20.06.2017	2,72	5,51	8,7	4,44	3,75	22,77	26,18	35,6265	596,1186	NA		
4	172	U	Up	51	3058	3037	F4	4054	D	51U4054D	2	1	03.07.2017	2,39	5,9	8,47	3,95	3,89	19,93	21,93	33,2024	437,0649	NA		
4	173	U	Up	51	3058	3037	F4	4054	D	51U4054D	3	1	03.07.2017	1,28	5,52	8,8	4,3	4,17	21,39	26,48	37,268	566,4072	NA		
4	180	U	Up	51	3058	3038	F4	4055	B	51U4055B	1	1	05.07.2017	3,11	6,41	8,41	3,82	3,91	22,52	24,67	32,50465	555,5684	NA		
4	181	U	Up	51	3058	3038	F4	4055	B	51U4055B	2	1	05.07.2017	4,25	5,34	9,5	4,33	4,52	21,79	27	42,0375	588,33	NA		
4	207	U	Up	51	3058	3038	F4	4055	B	51U4055B	3	2	07.07.2017	4,24	6,15	8,32	3,31	3,65	24,04	26,51	28,9536	637,3004	NA		
4	69	U	Up	51	3058	3064	F4	4056	A	51U4056A	1	1	13.06.2017	2,63	5,59	8,87	4,71	4,18	24,13	29,45	39,42715	710,6285	NA		
4	141	U	Up	51	3058	3064	F4	4056	A	51U4056A	2	1	30.06.2017	2,15	5,63	8,16	3,7	4,05	22,02	29	31,62	638,58	NA		
4	142	U	Up	51	3058	3064	F4	4056	A	51U4056A	3	3	30.06.2017	3,23	5,02	9	4,34	4,5	21,74	28,82	39,78	626,5468	NA		
4	116	U	Up	51	3063	3003	F4	4057	A	51U4057A	1	1	26.06.2017	2,56	5,18	9,2	3,87	3,99	20,24	22,82	36,156	461,8768	NA		
4	183	U	Up	51	3063	3003	F4	4057	A	51U4057A	2	1	06.07.2017	3,39	5,14	8,71	4,08	3,45	18,28	20,8	32,79315	380,224	NA		
4	234	U	Up	51	3063	3003	F4	4057	A	51U4057A	3	1	26.07.2017	2,11	5,91	9,33	4,73	3,91	17,74	20,78	40,3056	368,6372	NA		
4	2	U	Up	51	3063	3011	F4	4058	B	51U4058B	1	1	23.05.2017	1,81	5,01	8,3	3,76	3,6	20,22	21,66	30,544	437,9652	NA		
4	15	U	Up	51	3063	3011	F4	4058	B	51U4058B	2	1	26.05.2017	3,48	4,69	7,45	3,78	3,21	17,17	18,57	26,03775	318,8469	NA		
4	16	U	Up	51	3063	3011	F4	4058	B	51U4058B	3	1	26.05.2017	1,35	4,99	7,98	3,88	3,99	21,28	23,93	31,4013	509,2304	NA		
4	231	U	Up	51	3063	3011	F4	4058	A	51U4058A	1	1	25.07.2017	2,64	5,66	8,45	4	3,58	19,04	19,59	32,0255	372,9936	NA		
4	233	U	Up	51	3063	3011	F4	4058	A	51U4058A	2	1	26.07.2017	3,67	5,68	9,26	4,35	4,34	20,94	24,31	40,2347	509,0514	NA		
4	239	U	Up	51	3063	3011	F4	4058	A	51U4058A	3	1	17.08.2017	1,75	5,56	7,9	4,04	3,87	19,99	21,85	31,2445	436,7815	NA		
4	86	U	Up	51	3063	3028	F4	4059	B	51U4059B	1	1	20.06.2017	1,96	5	6,62	2,23	2,13	22,33	22,72	14,4316	507,3376	NA		
4	87	U	Up	51	3063	3028	F4	4059	B	51U4059B	2	1	20.06.2017	2,12	4,9	7,66	3,28	3,19	21,34	25,47	24,7801	543,5298	NA		
4	228	U	Up	51	3063	3028	F4	4059	B	51U4059B	3	2	24.07.2017	4,43	5	7,88	3,15	2,96	21,9	26,26	24,0734	575,094	NA		
4	93	U	Up	51	3063	3028	F4	4059	A	51U4059A	1	1	20.06.2017	1,31	4,98	9,8	3,95	4,22	25,79	31,46	40,033	811,3534	NA		
4	167	U	Up	51	3063	3028	F4	4059	A	51U4059A	2	1	03.07.2017	3,64	5,04	8,35	4	3,62	18,72	22,81	31,8135	427,0032	NA		
4	168	U	Up	51	3063	3028	F4	4059	A	51U4059A	3	1	03.07.2017	1,29	5,75	8,8	3,73	3,57	19,57	23,16	32,12	453,2412	NA		
4	4	U	Up	51	3063	3058	F4	4060	C	51U4060C	1	1	24.05.2017	3,08	5,28	8,26	4,63	4,53	19,89	23,69	37,8308	471,1941	NA		
4	230	U	Up	51	3063	3058	F4	4060	C	51U4060C	2	3	25.07.2017	3,14	5,11	8,62	3,82	3,86	23,35	27,37	33,1008	639,0895	NA		
4	235	U	Up	51	3063	3058	F4	4060	C	51U4060C	3	1	27.07.2017	3,47	4,88	8,25	3,53	3,4	15,93	19,06	28,58625	303,6258	NA		
4	31	U	Up	51	3063	3058	F4	4060	B	51U4060B	1	1	29.05.2017	3,7	4,47	8,45	3,53	3,49	21,04	24,48	29,6595	515,0592	NA		
4	217	U	Up	51	3063	3058	F4	4060	B	51U4060B	2	1	23.07.2017	4,38	5,31	9,08	3,88	3,41	21,58	25,86	33,0966	558,0588	NA		
4	218	U	Up	51	3063	3058	F4	4060	B	51U4060B	3	3	23.07.2017	3,91	5,46	9,39	3,71	3,97	22,12	24,78	36,0576	548,1336	NA		
4	6	U	Up	51	3064	3037	F4	4061	C	51U4061C	1	1	24.05.2017	2,76	4,85	8,1	3,72	3,64	22,39	27,72	29,808	620,6508	NA		
4	7	U	Up	51	3064	3037	F4	4061	C	51U4061C	2	1	24.05.2017	3,24	4,95	7,23	3,49	3,29	23,55	27,1	24,5097	638,205	NA		
4	30	U	Up	51	3064	3037	F4	4061	C	51U4061C	3	1	29.05.2017	5,43	5,45	8,27	4,24	4,15	22,39	26,56	34,69265	594,6784	NA		
4	53	U	Up	51	3064	3037	F4	4061	A	51U4061A	1	1	06.06.2017	2,22	5,28	8,31	3,59	3,5	20,06	25,16	29,45895	504,7096	NA		
4	54	U	Up	51	3064	3037	F4	4061	A	51U4061A	2	1	06.06.2017	3,41	4,68	6,84	2,89	2,79	17,86	20,74	19,4256	370,4164	NA		
4	81	U	Up	51	3064	3037	F4	4061	A	51U4061A	3	1	17.06.2017	2,96	4,6	6,68	2,44	2,73	19,9	20,66	17,2678	411,134	NA		
4	8	U	Up	51	3064	3042	F4	4062	A	51U4062A	1	1	24.05.2017	2,6	4,88	7,47	3,23	2,79	19,74	22,59	22,4847	445,9266	NA		
4	150	U	Up	51	3064	3042	F4	4062	A	51U4062A	2	1	30.06.2017	2,53	5,34	8,66	4,06	4,21	19,86	27,25	35,8091	541,185	NA		
4	236	U	Up	51	3064	3042	F4	4062	A	51U4062A	3	1	27.07.2017	2,91	5,82	8,39	3,58	3,84	18,38	21,03	31,1269	386,5314	NA		
4	134	U	Up	51	3064	3032B	F4	4063	A	51U4063A	1	1	28.06.2017	2,92	5,19	7,59	3,22	3,02	20,39	23,91	23,6808	487,5249	NA		
4	138	U	Up	51	3064	3032B	F4	4063	A	51U4063A	2	1	30.06.2017	2,06	6,41	8,95	4,12	4,08	21,52	25,54	36,695	549,6208	NA		
4	192	U	Up	51	3064	3032B	F4	4063	A	51U4063A	3	2	06.07.2017	3,02	5,09	8,83	3,73	3,53	17,97	22,5	32,0529	404,325	NA		
4	5	U	Up	51	3064	3039B	F4	4064	C	51U4064C	1	1	24.05.2017	2,48	6,19	9,49	3,95	4,41	22,85	25,79	39,6682	589,3015	NA		
4	146	U	Up	51	3064	3039B	F4	4064	C	51U4064C	2	1	30.06.2017	1,97	6,17	8,39	3,93	3,94	22,4	24,89	33,01465	557,536	NA		
4	147	U	Up	51	3064	3039B	F4	4064	C	51U4064C	3	1	30.06.2017	2,38	5,73	8,5	3,94	4,01	21,82	26,35	33,7875	574,957	NA		
4	122	RAN	Ran	51	NA	NA	F4	P.001	C	51P.001C	1	1	09.07.2017	2,45	6,63	8,27	4,03	3,93	21,72	26,75	32,9146	581,01	NA		
4	123	RAN	Ran	51	NA	NA	F4	P.001	C	51P.001C	2	1	09.07.2017	3,96	5,55	7,8	4,1	3,68	20,28	27,32	30,342	554,0496	NA		
4	128	RAN	Ran	51	NA	NA	F4	P.001	C	51P.001C	3	1	14.08.2017	3,6	4,82	7,49	3,04	3,21	19,17	22,64	23,40625	434,0088	NA		
4	38	RAN	Ran	51	NA	NA	F4	P.002	B	51P.002B	1	1	30.05.2017	2,51	4,79	6,58	2,71	2,47	18,96	22,46	17,0422	425,8416	NA		
4	78	RAN	Ran	51	NA	NA	F4	P.002	B	51P.002B	2	2	28.06.2017	2,55	5,96	8,24	4,16	3,6	21,22	23,12	31,9712	490,6064	NA		
4	108	RAN	Ran	51	NA	NA	F4	P.002	B	51P.002B	3	1	06.07.2017	1,35	5,13	7,35	3,2	3,19	19,26	22,03	23,48325	424,2978	NA		
4	16	RAN	Ran	51	NA	NA	F4	P.003	A	51P.003A	1	1	25.05.2017	4,09	4,44	7,47	3,21	3,18	21,58	26,11	23,86665	563,4538	NA		
4	79	RAN	Ran	51	NA	NA	F4	P.003	A	51P.003A	2	1	28.06.2017	3,15	5,14	8,53	3,95	3,64	20,61	25,54	32,37135	526,3794	NA		
4	80	RAN	Ran	51	NA	NA	F4	P.003	A	51P.003A	3	1	28.06.2017	2,68	4,92	5,74	2,31	2,2	19,99	22,19	12,9437	443,5781	NA		
4	72	RAN	Ran	51	NA	NA	F4	P.004	A	51P.004A	1	1	27.06.2017	3,84	5,45	7,84	3,48	3,45	21,05	25,48	27,1656	536,354	NA		
4	106	RAN	Ran	51	NA	NA	F4	P.004	A	51P.004A	2	1	06.07.2017	2,79	6,26	8,31	3,44	3,36	18,29	23,9	28,254	437,131	NA		
4	121	RAN	Ran	51	NA	NA	F4	P.004	A	51P.004A	3	1	07.07.2017	3,7	5,96	8,38	3,82	3,79	20,61	25,86	31,8859	532,9746	NA		
4	75	RAN	Ran	51	NA	NA	F4	P.005	B	51P.005B	1	1	27.06.2017	3,48	5,48	7,53	3,7	3,05	22,42	26,12	25,41375	585,6104	NA		
4	105	RAN	Ran	51	NA	NA	F4	P.005	B	51P.005B	2	1	05.07.2017	2,51	5,53	7,13	3,77	3,92	17,55	19,77	27,41485	346,9635	NA		
4	120	RAN	Ran	51	NA	NA	F4	P.005	B	51P.005B	3	1	07.07.2017	2,97	5,72	7,53	3,1	3,65	18,2	21,69	25,41375	394,758	NA		
4	25	RAN	Ran	51	NA	NA	F4	P.006	C	51P.006C	1	1	29.05.2017	2,94	5,3	7,24	3,84	3,39	16,64	21,2	26,1726	352,768	NA		
4	47	RAN	Ran	51	NA	NA	F4	P.006	C	51P.006C	2	1	13.06.2017	1,57	4,62	5,89	2,01	1,99	16,6	18,72	11,78	310,752	NA		
4	48	RAN	Ran	51	NA	NA	F4	P.006	C	51P.006C	3	1	13.06.2017	2,46	4,78	8,2	3,39	3,11	22,6	25,1	26,65	567,26	NA		
4	30	RAN	Ran	51	NA	NA	F4	P.007	C	51P.007C	1	1	29.05.2017	3,78	5,25	6,73	3,04	3,22	19,92	24,26	21,0649	483,2592	NA		
4	37	RAN	Ran	51	NA	NA	F4	P.007	C	51P.007C	2	1	30.05.2017	4,41	4,51	6,23	2,75	2,98	17,18	19,72	17,84895	338,7896	NA		
4	68	RAN	Ran	51	NA	NA	F4	P.007	C	51P.007C	3	1	26.06.2017	3,38	5,5	6,86	3,53	3,52	22,82	26,7	24,1815	609,294	NA		
4	76	RAN	Ran	51	NA	NA	F4	P.008	B	51P.008B	1	1	28.06.2017	2,84	5,01	6,9	2,87	2,77	19,45	22,49	19,458	437,4305	NA		
4	77	RAN	Ran	51	NA	NA	F4	P.008	B	51P.008B	2	1	28.06.2017	1,37	5,18	7,34	3,03	2,88	17,97	21,93	21,6897	394,0821	NA		
4	82	RAN	Ran	51	NA	NA	F4	P.008	B	51P.008B	3	1	30.06.2017	1,62	4,07	8,05	2,96	3,39	17,46	21,81	25,55875	380,8026	NA		
4	18	RAN	Ran	51	NA	NA	F4	P.009	D	51P.009D	1	1	25.05.2017	3,95	4,93	7,71	3,04	3,27	20,24	22,63	24,32505	458,0312	NA		
4	70	RAN	Ran	51	NA	NA	F4	P.009	D	51P.009D	2	1	27.06.2017	2	5,11	7,91	3,3	3,3	20,31	24,19	26,103	491,2989	NA		
4	71	RAN	Ran	51	NA	NA	F4	P.009	D	51P.009D	3	2	27.06.2017	2,95	4,73	7,21	3,37	3,26	19,31	22,24	23,90115	429,4544	NA		
4	28	RAN	Ran	51	NA	NA	F4	P.010	A	51P.010A	1	1	29.05.2017	3,94	5,61	8,76	3,29	3,56	22,28	29,89	30,003	665,9492	NA		
4	81	RAN	Ran	51	NA	NA	F4	P.010	A	51P.010A	2	1	30.06.2017	2,81	5,77	6,96	3,16	3,14	23,54	25,66	21,924	604,0364	NA		
4	109	RAN	Ran	51	NA	NA	F4	P.010	A	51P.010A	3	1	06.07.2017	2,62	5,56	7,5	3,14	3,14	19,06	22,9	23,55	436,474	NA		
4	63	RAN	Ran	51	NA	NA	F4	P.011	A	51P.011A	1	1	26.06.2017	4,44	5,34	7,06	4,47	3,65	20,5	22,39	28,6636	458,995	NA		
4	64	RAN	Ran	51	NA	NA	F4	P.011	A	51P.011A	2	1	26.06.2017	3,53	4,93	7,52	2,83	2,98	18,32	20,66	21,8456	378,4912	NA		
4	74	RAN	Ran	51	NA	NA	F4	P.011	A	51P.011A	3	1	27.06.2017	3,32	5,62	7,73	3,42	3,41	19,31	20,23	26,39795	390,6413	NA		
4	36	RAN	Ran	51	NA	NA	F4	P.012	D	51P.012D	1	1	30.05.2017	2,68	5,18	7,56	3,08	3,47	20,61	23,84	24,759	491,3424	NA		
4	99	RAN	Ran	51	NA	NA	F4	P.012	D	51P.012D	2	1	03.07.2017	2,98	5,18	7,47	3,21	3,21	20,18	22,33	23,9787	450,6194	NA		
4	100	RAN	Ran	51	NA	NA	F4	P.012	D	51P.012D	3	2	03.07.2017	3,28	6,03	6,54	2,83	2,93	22,24	23,76	18,8352	528,4224	NA		
4	50	RAN	Ran	51	NA	NA	F4	P.013	B	51P.013B	1	1	15.06.2017	1,57	4,72	6,95	2,61	2,89	20,61	22,34	19,1125	460,4274	NA		
4	90	RAN	Ran	51	NA	NA	F4	P.013	B	51P.013B	2	1	02.07.2017	1,76	5,39	7,48	3,53	3,48	19,26	22,46	26,2174	432,5796	NA		
4	117	RAN	Ran	51	NA	NA	F4	P.013	B	51P.013B	3	1	07.07.2017	1,49	4,53	7,13	3,15	3,3	18,25	22,77	22,99425	415,5525	NA		
4	65	RAN	Ran	51	NA	NA	F4	P.014	C	51P.014C	1	1	26.06.2017	3,35	5,23	6,78	2,84	3,07	15,59	19,22	20,0349	299,6398	NA		
4	101	RAN	Ran	51	NA	NA	F4	P.014	C	51P.014C	2	1	03.07.2017	3,18	4,92	7,44	3,32	3,04	17,61	22,5	23,6592	396,225	NA		
4	102	RAN	Ran	51	NA	NA	F4	P.014	C	51P.014C	3	1	03.07.2017	3,37	4,73	7,9	3,46	3,22	19,66	23,34	26,386	458,8644	NA		
4	26	RAN	Ran	51	NA	NA	F4	P.015	C	51P.015C	1	1	29.05.2017	4,52	4,96	8,34	3,78	3,89	18,4	24,75	31,9839	455,4	NA		
4	27	RAN	Ran	51	NA	NA	F4	P.015	C	51P.015C	2	1	29.05.2017	2,83	5,63	8	3,25	3,56	20,62	24,75	27,24	510,345	NA		
4	49	RAN	Ran	51	NA	NA	F4	P.015	C	51P.015C	3	1	13.06.2017	3,82	5,02	7,03	2,93	2,94	19,87	22,6	20,63305	449,062	NA		
4	5	RAN	Ran	51	NA	NA	F4	P.015	D	51P.015D	1	1	24.05.2017	2,16	4,57	7,34	3,18	3,31	19,8	22,79	23,8183	451,242	NA		
4	118	RAN	Ran	51	NA	NA	F4	P.015	D	51P.015D	2	1	07.07.2017	3,65	4,37	6,51	3,15	2,98	20,14	22,86	19,95315	460,4004	NA		
4	119	RAN	Ran	51	NA	NA	F4	P.015	D	51P.015D	3	1	07.07.2017	2,82	5,74	8,54	4,08	3,37	20,01	25,44	31,8115	509,0544	NA		
4	66	RAN	Ran	51	NA	NA	F4	P.016	B	51P.016B	1	1	26.06.2017	2,44	4,79	8,08	2,98	2,85	20,05	23,76	23,5532	476,388	NA		
4	103	RAN	Ran	51	NA	NA	F4	P.016	B	51P.016B	2	2	03.07.2017	2,69	5,4	7,83	3,56	3,15	20,66	26,26	26,26965	542,5316	NA		
4	104	RAN	Ran	51	NA	NA	F4	P.016	B	51P.016B	3	1	05.07.2017	2,12	5,68	7,99	3,34	3,25	21,44	25,23	26,32705	540,9312	NA		
4	29	RAN	Ran	51	NA	NA	F4	P.017	A	51P.017A	1	1	29.05.2017	3,12	6,37	9,8	4,15	4,16	23,32	29,85	40,719	696,102	NA		
4	67	RAN	Ran	51	NA	NA	F4	P.017	A	51P.017A	2	1	26.06.2017	3,86	5,12	7,59	3,07	3,16	19,1	22,24	23,64285	424,784	NA		
4	73	RAN	Ran	51	NA	NA	F4	P.017	A	51P.017A	3	1	27.06.2017	3,43	5,14	6,81	3,22	3,25	19,5	20,43	22,03035	398,385	NA		
4	46	RAN	Ran	51	NA	NA	F4	P.018	B	51P.018B	1	2	06.06.2017	1,61	5,93	8,76	3,61	3,83	23,32	25,59	32,5872	596,7588	NA		
4	110	RAN	Ran	51	NA	NA	F4	P.018	B	51P.018B	2	1	07.07.2017	2,32	5,72	7,54	3,76	3,61	21,84	25,98	27,7849	567,4032	NA		
4	111	RAN	Ran	51	NA	NA	F4	P.018	B	51P.018B	3	1	07.07.2017	3,17	6,52	7,12	2,99	3,34	22,05	24,18	22,5348	533,169	NA		
4	60	RAN	Ran	51	NA	NA	F4	P.019	D	51P.019D	1	2	20.06.2017	2,51	5,38	8,05	3,6	3,85	22,59	26,82	29,98625	605,8638	NA		
4	93	RAN	Ran	51	NA	NA	F4	P.019	D	51P.019D	2	1	03.07.2017	2,34	5,88	7,47	3,42	3,6	18,15	19,14	26,2197	347,391	NA		
4	94	RAN	Ran	51	NA	NA	F4	P.019	D	51P.019D	3	1	03.07.2017	3,2	4,42	7,04	3,15	3,27	15,71	18,8	22,5984	295,348	NA		
4	24	RAN	Ran	51	NA	NA	F4	P.020	B	51P.020B	1	1	29.05.2017	1,17	5,46	7,4	3,21	3	20,69	25,34	22,977	524,2846	NA		
4	124	RAN	Ran	51	NA	NA	F4	P.020	B	51P.020B	2	1	23.07.2017	2,66	4,33	7,66	2,71	3,05	19,02	21,64	22,0608	411,5928	NA		
4	125	RAN	Ran	51	NA	NA	F4	P.020	B	51P.020B	3	1	23.07.2017	2,35	4,36	7,2	2,49	2,73	18,19	19,48	18,792	354,3412	NA		
4	89	RAN	Ran	51	NA	NA	F4	P.021	A	51P.021A	1	1	02.07.2017	1,97	3,54	7,17	3,02	2,91	17,92	19,71	21,25905	353,2032	NA		
4	115	RAN	Ran	51	NA	NA	F4	P.021	A	51P.021A	2	1	07.07.2017	2,61	5,86	8,52	3,74	3,87	19,05	22,99	32,4186	437,9595	NA		
4	116	RAN	Ran	51	NA	NA	F4	P.021	A	51P.021A	3	2	07.07.2017	3,09	6,63	8,45	3,69	3,89	19,74	24,4	32,0255	481,656	NA		
4	7	RAN	Ran	51	NA	NA	F4	P.022	B	51P.022B	1	1	24.05.2017	2,48	4,2	6,58	2,46	2,25	16,88	19,26	15,4959	325,1088	NA		
4	58	RAN	Ran	51	NA	NA	F4	P.022	B	51P.022B	2	1	17.06.2017	1,47	4,45	7,4	2,89	2,93	19,41	21,14	21,534	410,3274	NA		
4	59	RAN	Ran	51	NA	NA	F4	P.022	B	51P.022B	3	1	17.06.2017	1,27	5,37	7,38	3,04	2,99	19,57	22,8	22,2507	446,196	NA		
4	42	RAN	Ran	51	NA	NA	F4	P.023	C	51P.023C	1	1	06.06.2017	1,77	5,32	7,65	3,19	3,09	17,92	23,09	24,021	413,7728	NA		
4	53	RAN	Ran	51	NA	NA	F4	P.023	C	51P.023C	2	1	15.06.2017	2,13	5,3	7,97	3,27	3,16	18,75	25	25,62355	468,75	NA		
4	113	RAN	Ran	51	NA	NA	F4	P.023	C	51P.023C	3	1	07.07.2017	2,19	6,02	7,3	2,96	3,14	17,19	21,8	22,265	374,742	NA		
4	14	RAN	Ran	51	NA	NA	F4	P.024	D	51P.024D	1	2	24.05.2017	2,79	5,75	8,36	3,73	3,79	19,37	26,42	31,4336	511,7554	NA		
4	15	RAN	Ran	51	NA	NA	F4	P.024	D	51P.024D	2	1	25.05.2017	2,75	5,47	7,5	3,63	3,63	19,05	23,33	27,225	444,4365	NA		
4	41	RAN	Ran	51	NA	NA	F4	P.024	D	51P.024D	3	1	06.06.2017	3,41	5,69	8,05	3,37	3,37	20,06	23,81	27,1285	477,6286	NA		
4	19	RAN	Ran	51	NA	NA	F4	P.025	C	51P.025C	1	1	25.05.2017	4,31	4,38	5,96	2,22	2,4	19,29	21,62	13,7676	417,0498	NA		
4	126	RAN	Ran	51	NA	NA	F4	P.025	C	51P.025C	2	1	24.07.2017	4,15	4,88	7,81	3,55	3,66	19,97	24,34	28,15505	486,0698	NA		
4	129	RAN	Ran	51	NA	NA	F4	P.025	C	51P.025C	3	1	04.09.2017	3,22	5	7,73	3,62	3,07	22,09	25,2	25,85685	556,668	NA		
4	3	RAN	Ran	51	NA	NA	F4	P.026	B	51P.026B	1	1	23.05.2017	2,6	5,28	8,11	3,56	3,38	21,64	24,84	28,1417	537,5376	NA		
4	51	RAN	Ran	51	NA	NA	F4	P.026	B	51P.026B	2	1	15.06.2017	3,53	NA	7,45	3,42	3,55	20,83	24,26	25,96325	505,3358	NA		
4	54	RAN	Ran	51	NA	NA	F4	P.026	B	51P.026B	3	1	17.06.2017	4,53	5,56	8,39	3,81	3,94	22,47	24,99	32,51125	561,5253	NA		
4	6	RAN	Ran	51	NA	NA	F4	P.027	C	51P.027C	1	1	24.05.2017	0,96	6,73	8,41	3,78	3,85	23,14	26,02	32,08415	602,1028	NA		
4	86	RAN	Ran	51	NA	NA	F4	P.027	C	51P.027C	2	1	02.07.2017	2,08	3,75	7,34	3,61	3,36	18,36	21,58	25,5799	396,2088	NA		
4	87	RAN	Ran	51	NA	NA	F4	P.027	C	51P.027C	3	1	02.07.2017	1,14	2,82	7,8	3,78	3,4	16,13	19,46	28,002	313,8898	NA		
4	9	RAN	Ran	51	NA	NA	F4	P.028	D	51P.028D	1	1	24.05.2017	3,86	5,3	7,34	3,04	2,97	19,45	23,23	22,0567	451,8235	NA		
4	34	RAN	Ran	51	NA	NA	F4	P.028	D	51P.028D	2	1	29.05.2017	4,16	5,36	7,63	3,18	3,35	21,62	24,28	24,91195	524,9336	NA		
4	35	RAN	Ran	51	NA	NA	F4	P.028	D	51P.028D	3	1	29.05.2017	2,83	4,85	7,64	3,6	3,23	17,14	21,38	26,0906	366,4532	NA		
4	4	RAN	Ran	51	NA	NA	F4	P.029	B	51P.029B	1	1	23.05.2017	4,18	4,95	9,51	3,83	4,11	19,35	25,53	37,7547	494,0055	NA		
4	13	RAN	Ran	51	NA	NA	F4	P.029	B	51P.029B	2	1	24.05.2017	2,91	4,25	7,96	3,33	3,36	19,51	23,63	26,6262	461,0213	NA		
4	52	RAN	Ran	51	NA	NA	F4	P.029	B	51P.029B	3	1	15.06.2017	2,68	5,48	8,18	4	4,13	22,33	25,92	33,2517	578,7936	NA		
4	17	RAN	Ran	51	NA	NA	F4	P.030	C	51P.030C	1	1	25.05.2017	4	5,56	7,89	3,81	3,69	20,89	24,54	29,5875	512,6406	NA		
4	69	RAN	Ran	51	NA	NA	F4	P.030	C	51P.030C	2	1	27.06.2017	3,45	5,27	7,06	3,49	3,52	18,46	21,43	24,7453	395,5978	NA		
4	107	RAN	Ran	51	NA	NA	F4	P.030	C	51P.030C	3	1	06.07.2017	2,81	6,08	9,44	3,8	4,1	19,7	22,4	37,288	441,28	NA		
4	22	RAN	Ran	51	NA	NA	F4	P.031	C	51P.031C	1	1	26.05.2017	2,43	5,28	6,91	3,16	3,51	20,83	26,15	23,04485	544,7045	NA		
4	23	RAN	Ran	51	NA	NA	F4	P.031	C	51P.031C	2	1	26.05.2017	1,92	4,49	7,23	2,62	3,1	19,22	23,1	20,6778	443,982	NA		
4	88	RAN	Ran	51	NA	NA	F4	P.031	C	51P.031C	3	2	02.07.2017	4,31	5,37	6,63	2,62	2,95	17,77	20,48	18,46455	363,9296	NA		
4	62	RAN	Ran	51	NA	NA	F4	P.032	B	51P.032B	1	1	23.06.2017	3,28	4,42	6,98	2,66	2,7	17,5	22,12	18,7064	387,1	NA		
4	95	RAN	Ran	51	NA	NA	F4	P.032	B	51P.032B	2	2	03.07.2017	3,79	5,56	6,56	2,85	2,96	18,95	22,85	19,0568	433,0075	NA		
4	114	RAN	Ran	51	NA	NA	F4	P.032	B	51P.032B	3	2	07.07.2017	3,6	5,7	8,11	3,48	3,61	21,35	26,47	28,74995	565,1345	NA		
4	85	RAN	Ran	51	NA	NA	F4	P.033	C	51P.033C	1	1	02.07.2017	1,86	4,23	7,61	3,44	3,1	18,07	23,55	24,8847	425,5485	NA		
4	96	RAN	Ran	51	NA	NA	F4	P.033	C	51P.033C	2	1	03.07.2017	2,62	5,83	7,41	2,81	3,06	16,25	18,47	21,74835	300,1375	NA		
4	97	RAN	Ran	51	NA	NA	F4	P.033	C	51P.033C	3	1	03.07.2017	2,43	5,33	7,4	3,38	2,96	20,09	23,05	23,458	463,0745	NA		
4	10	RAN	Ran	51	NA	NA	F4	P.034	A	51P.034A	1	1	24.05.2017	1,93	5,22	7,27	3,07	3,06	20,65	22,43	22,28255	463,1795	NA		
4	11	RAN	Ran	51	NA	NA	F4	P.034	A	51P.034A	2	1	24.05.2017	2,25	5,47	6,67	2,59	2,43	18,43	19,62	16,7417	361,5966	NA		
4	44	RAN	Ran	51	NA	NA	F4	P.034	A	51P.034A	3	1	06.06.2017	1,48	5,99	6,17	2,78	2,41	18,63	21	16,01115	391,23	NA		
4	2	RAN	Ran	51	NA	NA	F4	P.034	C	51P.034C	1	2	23.05.2017	3,32	4,65	7,41	2,73	2,93	19,66	21,77	20,9703	427,9982	NA		
4	40	RAN	Ran	51	NA	NA	F4	P.034	C	51P.034C	2	1	05.06.2017	3,49	5,16	7,71	3,31	3,37	20,02	21,39	25,7514	428,2278	NA		
4	61	RAN	Ran	51	NA	NA	F4	P.034	C	51P.034C	3	2	23.06.2017	2	5,1	7,68	2,98	3,12	20,24	21,66	23,424	438,3984	NA		
4	32	RAN	Ran	51	NA	NA	F4	P.035	D	51P.035D	1	1	29.05.2017	4,84	4,75	6,72	2,85	2,81	20,85	24,26	19,0176	505,821	NA		
4	33	RAN	Ran	51	NA	NA	F4	P.035	D	51P.035D	2	1	29.05.2017	3,07	5,63	6,85	2,82	2,8	21,18	24,94	19,2485	528,2292	NA		
4	45	RAN	Ran	51	NA	NA	F4	P.035	D	51P.035D	3	1	06.06.2017	1,93	6,25	7,32	3,02	3,42	19,67	24,03	23,5704	472,6701	NA		
4	12	RAN	Ran	51	NA	NA	F4	P.036	A	51P.036A	1	1	24.05.2017	2,26	5,29	8,13	3,73	3,53	20,49	23,04	29,5119	472,0896	NA		
4	55	RAN	Ran	51	NA	NA	F4	P.036	A	51P.036A	2	2	17.06.2017	2,43	5,51	8,85	3,87	3,87	17,6	25,54	34,2495	449,504	NA		
4	112	RAN	Ran	51	NA	NA	F4	P.036	A	51P.036A	3	1	07.07.2017	2,32	5,37	8,57	3,33	3,24	19,06	25	28,15245	476,5	NA		
4	21	RAN	Ran	51	NA	NA	F4	P.036	B	51P.036B	1	2	26.05.2017	2,44	5,78	8,09	3,65	3,66	21,08	25,62	29,56895	540,0696	NA		
4	91	RAN	Ran	51	NA	NA	F4	P.036	B	51P.036B	2	1	03.07.2017	3,83	4,04	6,31	2,56	2,74	17,58	19,79	16,7215	347,9082	NA		
4	92	RAN	Ran	51	NA	NA	F4	P.036	B	51P.036B	3	1	03.07.2017	3,14	4,09	7,1	3,07	3,43	17,99	23,51	23,075	422,9449	NA		
4	39	RAN	Ran	51	NA	NA	F4	P.037	D	51P.037D	1	2	05.06.2017	2,74	4,8	6,54	2,7	2,62	18,95	22,65	17,3964	429,2175	NA		
4	84	RAN	Ran	51	NA	NA	F4	P.037	D	51P.037D	2	1	02.07.2017	3,29	5,98	6,25	2,38	2,4	18,98	20,42	14,9375	387,5716	NA		
4	98	RAN	Ran	51	NA	NA	F4	P.037	D	51P.037D	3	1	03.07.2017	3,12	5,36	7,47	3,01	3,05	18,5	21,28	22,6341	393,68	NA		
4	43	RAN	Ran	51	NA	NA	F4	P.038	D	51P.038D	1	1	06.06.2017	2,99	5,56	8,18	3,73	3,31	17,69	21,18	28,7936	374,6742	NA		
4	56	RAN	Ran	51	NA	NA	F4	P.038	D	51P.038D	2	1	17.06.2017	4,49	4,95	8,3	3,41	3,92	19,26	24,31	30,4195	468,2106	NA		
4	57	RAN	Ran	51	NA	NA	F4	P.038	D	51P.038D	3	1	17.06.2017	2,32	6,03	9,57	3,81	3,92	21	27,31	36,98805	573,51	NA		
4	1	RAN	Ran	51	NA	NA	F4	P.039	A	51P.039A	1	1	23.05.2017	2,68	4,24	6,61	2,61	2,44	17,46	20,51	16,69025	358,1046	NA		
4	20	RAN	Ran	51	NA	NA	F4	P.039	A	51P.039A	2	1	26.05.2017	1,17	4,46	6,46	2,02	2,38	18,73	24,62	14,212	461,1326	NA		
4	127	RAN	Ran	51	NA	NA	F4	P.039	A	51P.039A	3	1	25.07.2017	1,92	5,29	8,56	3,03	3,31	18,13	23,27	27,1352	421,8851	NA		
4	8	RAN	Ran	51	NA	NA	F4	P.040	A	51P.040A	1	1	24.05.2017	2,36	4,43	6,96	2,76	2,81	21,63	22,09	19,3836	477,8067	NA		
4	31	RAN	Ran	51	NA	NA	F4	P.040	A	51P.040A	2	1	29.05.2017	2,76	4,86	7,86	3,54	3,11	22,73	25,73	26,1345	584,8429	NA		
4	83	RAN	Ran	51	NA	NA	F4	P.040	A	51P.040A	3	1	30.06.2017	2,3	3,57	8,41	3,51	3,23	20,13	23,73	28,3417	477,6849	NA		
